newPlant
newAxe
/(180)[+(45)newAxe
/(180)newMetamer
StemElement(1,1,0.26956,0.26956)
[/(5)LeafElement(1,6.35,6.35,0.2625,0,0.2,1,1)LeafElement(1,6.35,6.35,0.2625,0.2,0.4,1,1)LeafElement(1,6.35,6.35,0.2625,0.4,0.6,1,1)LeafElement(1,6.35,6.35,0.2625,0.6,0.8,1,1)LeafElement(1,6.35,6.35,0.2625,0.8,1,1,1)]/(180)[/(5)LeafElement(1,9.5,4.99589,0.4,-2.38615e-008,0.239375,2,2)LeafElement(1,9.5,4.99589,0.4,0.239375,0.619688,2,2)LeafElement(1,9.5,4.99589,0.4,0.619688,1,2,2)]/(180)/(180)/(180)]
newMetamer
StemElement(1,1,0.306043,0.306043)
[/(5)LeafElement(1,8.125,8.125,0.3,0,0.2,1,1)LeafElement(1,8.125,8.125,0.3,0.2,0.4,1,1)LeafElement(1,8.125,8.125,0.3,0.4,0.6,1,1)LeafElement(1,8.125,8.125,0.3,0.6,0.8,1,1)LeafElement(1,8.125,8.125,0.3,0.8,1,1,1)]/(180)[+(45)newAxe
/(180)newMetamer
[/(5)LeafElement(1,7.825,6.24339,0.3,-1.90937e-008,0.248005,1,1)LeafElement(1,7.825,6.24339,0.3,0.248005,0.49867,1,1)LeafElement(1,7.825,6.24339,0.3,0.49867,0.749335,1,1)LeafElement(1,7.825,6.24339,0.3,0.749335,1,1,1)]/(180)[/(5)LeafElement(1,11.65,2.34367,0.465,0,0.00583454,2,2)LeafElement(1,11.65,2.34367,0.465,0.00583454,1,2,2)]/(180)/(180)]
newMetamer
StemElement(1,0.0500002,0.306043,0.306043)
[/(5)LeafElement(1,9.25,9.25,0.325,1.28875e-008,0.2,2,2)LeafElement(1,9.25,9.25,0.325,0.2,0.4,2,2)LeafElement(1,9.25,9.25,0.325,0.4,0.6,2,2)LeafElement(1,9.25,9.25,0.325,0.6,0.8,2,2)LeafElement(1,9.25,9.25,0.325,0.8,1,2,2)]/(180)[+(45)newAxe
/(180)newMetamer
[/(5)LeafElement(1,8.825,0.973566,0.35,0,1,1,1)]/(180)]
newMetamer
[/(5)LeafElement(1,9.35,9.35,0.4,2.54993e-008,0.2,3,3)LeafElement(1,9.35,9.35,0.4,0.2,0.4,3,3)LeafElement(1,9.35,9.35,0.4,0.4,0.6,3,3)LeafElement(1,9.35,9.35,0.4,0.6,0.8,3,3)LeafElement(1,9.35,9.35,0.4,0.8,1,3,3)]/(180)StemElement(1,0.349999,0.306043,0.306043)
[/(5)LeafElement(1,10,10,0.45,0,0.2,4,4)LeafElement(1,10,10,0.45,0.2,0.4,4,4)LeafElement(1,10,10,0.45,0.4,0.6,4,4)LeafElement(1,10,10,0.45,0.6,0.8,4,4)LeafElement(1,10,10,0.45,0.8,1,4,4)]/(180)[/(5)LeafElement(1,11.4,6.21262,0.55,-3.83765e-008,0.26601,5,5)LeafElement(1,11.4,6.21262,0.55,0.26601,0.633005,5,5)LeafElement(1,11.4,6.21262,0.55,0.633005,1,5,5)]/(180)/(180)/(180)/(180)/(180)/(180)