newPlant
newAxe
/(180)[+(45)newAxe
/(180)newMetamer
[/(5)LeafElement(1,6.35,2.40442,0.2625,0,0.471806,1,1)LeafElement(1,6.35,2.40442,0.2625,0.471806,1,1,1)]/(180)/(180)]
newMetamer
StemElement(1,1,0.283493,0.283493)
[/(5)LeafElement(1,8.125,8.125,0.3,0,0.2,1,1)LeafElement(1,8.125,8.125,0.3,0.2,0.4,1,1)LeafElement(1,8.125,8.125,0.3,0.4,0.6,1,1)LeafElement(1,8.125,8.125,0.3,0.6,0.8,1,1)LeafElement(1,8.125,8.125,0.3,0.8,1,1,1)]/(180)[+(45)newAxe
/(180)]
newMetamer
StemElement(1,0.0500002,0.283493,0.283493)
[/(5)LeafElement(1,9.25,9.25,0.325,1.28875e-008,0.2,2,2)LeafElement(1,9.25,9.25,0.325,0.2,0.4,2,2)LeafElement(1,9.25,9.25,0.325,0.4,0.6,2,2)LeafElement(1,9.25,9.25,0.325,0.6,0.8,2,2)LeafElement(1,9.25,9.25,0.325,0.8,1,2,2)]/(180)[+(45)newAxe
]
newMetamer
[/(5)LeafElement(1,9.35,9.30115,0.4,2.56332e-008,0.195799,3,3)LeafElement(1,9.35,9.30115,0.4,0.195799,0.396849,3,3)LeafElement(1,9.35,9.30115,0.4,0.396849,0.597899,3,3)LeafElement(1,9.35,9.30115,0.4,0.597899,0.79895,3,3)LeafElement(1,9.35,9.30115,0.4,0.79895,1,3,3)]/(180)[/(5)LeafElement(1,10,3.59721,0.45,0,0.444014,4,4)LeafElement(1,10,3.59721,0.45,0.444014,1,4,4)]/(180)/(180)/(180)/(180)/(180)