newPlant
newAxe
/(180)[+(45)newAxe
/(180)newMetamer
StemElement(1,1,0.291643,0.291643)
[/(5)LeafElement(1,6.35,6.35,0.2625,0,0.2,1,1)LeafElement(1,6.35,6.35,0.2625,0.2,0.4,1,1)LeafElement(1,6.35,6.35,0.2625,0.4,0.6,1,1)LeafElement(1,6.35,6.35,0.2625,0.6,0.8,1,1)LeafElement(1,6.35,6.35,0.2625,0.8,1,1,1)]/(180)StemElement(1,1.025,0.291643,0.291643)
[/(5)LeafElement(1,9.5,9.5,0.4,0,0.2,2,2)LeafElement(1,9.5,9.5,0.4,0.2,0.4,2,2)LeafElement(1,9.5,9.5,0.4,0.4,0.6,2,2)LeafElement(1,9.5,9.5,0.4,0.6,0.8,2,2)LeafElement(1,9.5,9.5,0.4,0.8,1,2,2)]/(180)[/(5)LeafElement(1,13.1,6.41907,0.7,-3.71422e-008,0.183682,3,3)LeafElement(1,13.1,6.41907,0.7,0.183682,0.591841,3,3)LeafElement(1,13.1,6.41907,0.7,0.591841,1,3,3)]/(180)/(180)/(180)/(180)]
newMetamer
StemElement(1,1,0.322104,0.322104)
[/(5)LeafElement(1,8.125,8.125,0.3,0,0.2,1,1)LeafElement(1,8.125,8.125,0.3,0.2,0.4,1,1)LeafElement(1,8.125,8.125,0.3,0.4,0.6,1,1)LeafElement(1,8.125,8.125,0.3,0.6,0.8,1,1)LeafElement(1,8.125,8.125,0.3,0.8,1,1,1)]/(180)[+(45)newAxe
/(180)newMetamer
StemElement(1,0.5,0.289021,0.289021)
[/(5)LeafElement(1,7.825,7.825,0.3,0,0.2,1,1)LeafElement(1,7.825,7.825,0.3,0.2,0.4,1,1)LeafElement(1,7.825,7.825,0.3,0.4,0.6,1,1)LeafElement(1,7.825,7.825,0.3,0.6,0.8,1,1)LeafElement(1,7.825,7.825,0.3,0.8,1,1,1)]/(180)[/(5)LeafElement(1,11.65,9.30784,0.465,0,0.249021,2,2)LeafElement(1,11.65,9.30784,0.465,0.249021,0.499347,2,2)LeafElement(1,11.65,9.30784,0.465,0.499347,0.749674,2,2)LeafElement(1,11.65,9.30784,0.465,0.749674,1,2,2)]/(180)[/(5)LeafElement(1,15.175,2.73378,0.715,0,1,3,3)]/(180)/(180)/(180)]
newMetamer
StemElement(1,0.0500002,0.322104,0.322104)
[/(5)LeafElement(1,9.25,9.25,0.325,1.28875e-008,0.2,2,2)LeafElement(1,9.25,9.25,0.325,0.2,0.4,2,2)LeafElement(1,9.25,9.25,0.325,0.4,0.6,2,2)LeafElement(1,9.25,9.25,0.325,0.6,0.8,2,2)LeafElement(1,9.25,9.25,0.325,0.8,1,2,2)]/(180)[+(45)newAxe
/(180)newMetamer
[/(5)LeafElement(1,8.825,6.59378,0.35,1.80791e-008,0.19697,1,1)LeafElement(1,8.825,6.59378,0.35,0.19697,0.464647,1,1)LeafElement(1,8.825,6.59378,0.35,0.464647,0.732323,1,1)LeafElement(1,8.825,6.59378,0.35,0.732323,1,1,1)]/(180)[/(5)LeafElement(1,12,1.61728,0.5,0,1,2,2)]/(180)/(180)]
newMetamer
[/(5)LeafElement(1,9.35,9.35,0.4,2.54993e-008,0.2,3,3)LeafElement(1,9.35,9.35,0.4,0.2,0.4,3,3)LeafElement(1,9.35,9.35,0.4,0.4,0.6,3,3)LeafElement(1,9.35,9.35,0.4,0.6,0.8,3,3)LeafElement(1,9.35,9.35,0.4,0.8,1,3,3)]/(180)StemElement(1,0.349999,0.322104,0.322104)
[/(5)LeafElement(1,10,10,0.45,0,0.2,4,4)LeafElement(1,10,10,0.45,0.2,0.4,4,4)LeafElement(1,10,10,0.45,0.4,0.6,4,4)LeafElement(1,10,10,0.45,0.6,0.8,4,4)LeafElement(1,10,10,0.45,0.8,1,4,4)]/(180)StemElement(1,0.8,0.322104,0.322104)
[/(5)LeafElement(1,11.4,11.4,0.55,2.09139e-008,0.2,5,5)LeafElement(1,11.4,11.4,0.55,0.2,0.4,5,5)LeafElement(1,11.4,11.4,0.55,0.4,0.6,5,5)LeafElement(1,11.4,11.4,0.55,0.6,0.8,5,5)LeafElement(1,11.4,11.4,0.55,0.8,1,5,5)]/(180)[/(5)LeafElement(1,13.7,6.91537,0.75,3.44766e-008,0.207562,6,6)LeafElement(1,13.7,6.91537,0.75,0.207562,0.603781,6,6)LeafElement(1,13.7,6.91537,0.75,0.603781,1,6,6)]/(180)/(180)/(180)/(180)/(180)