newPlant
newAxe
/(180)[+(45)newAxe
/(180)newMetamer
StemElement(1,1,0.28173,0.28173)
[/(5)LeafElement(1,6.35,6.35,0.2625,0,0.2,1,1)LeafElement(1,6.35,6.35,0.2625,0.2,0.4,1,1)LeafElement(1,6.35,6.35,0.2625,0.4,0.6,1,1)LeafElement(1,6.35,6.35,0.2625,0.6,0.8,1,1)LeafElement(1,6.35,6.35,0.2625,0.8,1,1,1)]/(180)[/(5)LeafElement(1,9.5,8.288,0.4,-1.43834e-008,0.083012,2,2)LeafElement(1,9.5,8.288,0.4,0.083012,0.312259,2,2)LeafElement(1,9.5,8.288,0.4,0.312259,0.541506,2,2)LeafElement(1,9.5,8.288,0.4,0.541506,0.770753,2,2)LeafElement(1,9.5,8.288,0.4,0.770753,1,2,2)]/(180)[/(5)LeafElement(1,13.1,3.55822,0.7,0,0.263676,3,3)LeafElement(1,13.1,3.55822,0.7,0.263676,1,3,3)]/(180)/(180)/(180)]
newMetamer
StemElement(1,1,0.314895,0.314895)
[/(5)LeafElement(1,8.125,8.125,0.3,0,0.2,1,1)LeafElement(1,8.125,8.125,0.3,0.2,0.4,1,1)LeafElement(1,8.125,8.125,0.3,0.4,0.6,1,1)LeafElement(1,8.125,8.125,0.3,0.6,0.8,1,1)LeafElement(1,8.125,8.125,0.3,0.8,1,1,1)]/(180)[+(45)newAxe
/(180)newMetamer
StemElement(1,0.5,0.277692,0.277692)
[/(5)LeafElement(1,7.825,7.825,0.3,0,0.2,1,1)LeafElement(1,7.825,7.825,0.3,0.2,0.4,1,1)LeafElement(1,7.825,7.825,0.3,0.4,0.6,1,1)LeafElement(1,7.825,7.825,0.3,0.6,0.8,1,1)LeafElement(1,7.825,7.825,0.3,0.8,1,1,1)]/(180)[/(5)LeafElement(1,11.65,5.95729,0.465,0,0.217765,2,2)LeafElement(1,11.65,5.95729,0.465,0.217765,0.608882,2,2)LeafElement(1,11.65,5.95729,0.465,0.608882,1,2,2)]/(180)/(180)/(180)]
newMetamer
StemElement(1,0.0500002,0.314895,0.314895)
[/(5)LeafElement(1,9.25,9.25,0.325,1.28875e-008,0.2,2,2)LeafElement(1,9.25,9.25,0.325,0.2,0.4,2,2)LeafElement(1,9.25,9.25,0.325,0.4,0.6,2,2)LeafElement(1,9.25,9.25,0.325,0.6,0.8,2,2)LeafElement(1,9.25,9.25,0.325,0.8,1,2,2)]/(180)[+(45)newAxe
/(180)newMetamer
[/(5)LeafElement(1,8.825,4.07095,0.35,2.92829e-008,0.13288,1,1)LeafElement(1,8.825,4.07095,0.35,0.13288,0.56644,1,1)LeafElement(1,8.825,4.07095,0.35,0.56644,1,1,1)]/(180)/(180)]
newMetamer
[/(5)LeafElement(1,9.35,9.35,0.4,2.54993e-008,0.2,3,3)LeafElement(1,9.35,9.35,0.4,0.2,0.4,3,3)LeafElement(1,9.35,9.35,0.4,0.4,0.6,3,3)LeafElement(1,9.35,9.35,0.4,0.6,0.8,3,3)LeafElement(1,9.35,9.35,0.4,0.8,1,3,3)]/(180)StemElement(1,0.349999,0.314895,0.314895)
[/(5)LeafElement(1,10,10,0.45,0,0.2,4,4)LeafElement(1,10,10,0.45,0.2,0.4,4,4)LeafElement(1,10,10,0.45,0.4,0.6,4,4)LeafElement(1,10,10,0.45,0.6,0.8,4,4)LeafElement(1,10,10,0.45,0.8,1,4,4)]/(180)[/(5)LeafElement(1,11.4,10.0098,0.55,2.38185e-008,0.0888934,5,5)LeafElement(1,11.4,10.0098,0.55,0.0888933,0.31667,5,5)LeafElement(1,11.4,10.0098,0.55,0.31667,0.544447,5,5)LeafElement(1,11.4,10.0098,0.55,0.544447,0.772223,5,5)LeafElement(1,11.4,10.0098,0.55,0.772223,1,5,5)]/(180)[/(5)LeafElement(1,13.7,3.76509,0.75,0,0.272261,6,6)LeafElement(1,13.7,3.76509,0.75,0.272261,1,6,6)]/(180)/(180)/(180)/(180)/(180)