newPlant
newAxe
/(180)[+(45)newAxe
/(180)newMetamer
StemElement(1,1,0.297321,0.297321)
[/(5)LeafElement(1,6.35,6.35,0.2625,0,0.2,1,1)LeafElement(1,6.35,6.35,0.2625,0.2,0.4,1,1)LeafElement(1,6.35,6.35,0.2625,0.4,0.6,1,1)LeafElement(1,6.35,6.35,0.2625,0.6,0.8,1,1)LeafElement(1,6.35,6.35,0.2625,0.8,1,1,1)]/(180)StemElement(1,1.025,0.297321,0.297321)
[/(5)LeafElement(1,9.5,9.5,0.4,0,0.2,2,2)LeafElement(1,9.5,9.5,0.4,0.2,0.4,2,2)LeafElement(1,9.5,9.5,0.4,0.4,0.6,2,2)LeafElement(1,9.5,9.5,0.4,0.6,0.8,2,2)LeafElement(1,9.5,9.5,0.4,0.8,1,2,2)]/(180)[/(5)LeafElement(1,13.1,8.64485,0.7,2.75793e-008,0.0907884,3,3)LeafElement(1,13.1,8.64485,0.7,0.0907884,0.393859,3,3)LeafElement(1,13.1,8.64485,0.7,0.393859,0.696929,3,3)LeafElement(1,13.1,8.64485,0.7,0.696929,1,3,3)]/(180)/(180)/(180)/(180)]
newMetamer
StemElement(1,1,0.326234,0.326234)
[/(5)LeafElement(1,8.125,8.125,0.3,0,0.2,1,1)LeafElement(1,8.125,8.125,0.3,0.2,0.4,1,1)LeafElement(1,8.125,8.125,0.3,0.4,0.6,1,1)LeafElement(1,8.125,8.125,0.3,0.6,0.8,1,1)LeafElement(1,8.125,8.125,0.3,0.8,1,1,1)]/(180)[+(45)newAxe
/(180)newMetamer
StemElement(1,0.5,0.29551,0.29551)
[/(5)LeafElement(1,7.825,7.825,0.3,0,0.2,1,1)LeafElement(1,7.825,7.825,0.3,0.2,0.4,1,1)LeafElement(1,7.825,7.825,0.3,0.4,0.6,1,1)LeafElement(1,7.825,7.825,0.3,0.6,0.8,1,1)LeafElement(1,7.825,7.825,0.3,0.8,1,1,1)]/(180)[/(5)LeafElement(1,11.65,11.227,0.465,0,0.16986,2,2)LeafElement(1,11.65,11.227,0.465,0.16986,0.377395,2,2)LeafElement(1,11.65,11.227,0.465,0.377395,0.58493,2,2)LeafElement(1,11.65,11.227,0.465,0.58493,0.792465,2,2)LeafElement(1,11.65,11.227,0.465,0.792465,1,2,2)]/(180)[/(5)LeafElement(1,15.175,5.4791,0.715,0,0.446077,3,3)LeafElement(1,15.175,5.4791,0.715,0.446077,1,3,3)]/(180)/(180)/(180)]
newMetamer
StemElement(1,0.0500002,0.326234,0.326234)
[/(5)LeafElement(1,9.25,9.25,0.325,1.28875e-008,0.2,2,2)LeafElement(1,9.25,9.25,0.325,0.2,0.4,2,2)LeafElement(1,9.25,9.25,0.325,0.4,0.6,2,2)LeafElement(1,9.25,9.25,0.325,0.6,0.8,2,2)LeafElement(1,9.25,9.25,0.325,0.8,1,2,2)]/(180)[+(45)newAxe
/(180)newMetamer
[/(5)LeafElement(1,8.825,8.03883,0.35,1.48292e-008,0.121763,1,1)LeafElement(1,8.825,8.03883,0.35,0.121763,0.341322,1,1)LeafElement(1,8.825,8.03883,0.35,0.341322,0.560882,1,1)LeafElement(1,8.825,8.03883,0.35,0.560882,0.780441,1,1)LeafElement(1,8.825,8.03883,0.35,0.780441,1,1,1)]/(180)[/(5)LeafElement(1,12,3.67272,0.5,0,0.346533,2,2)LeafElement(1,12,3.67272,0.5,0.346533,1,2,2)]/(180)/(180)]
newMetamer
[/(5)LeafElement(1,9.35,9.35,0.4,2.54993e-008,0.2,3,3)LeafElement(1,9.35,9.35,0.4,0.2,0.4,3,3)LeafElement(1,9.35,9.35,0.4,0.4,0.6,3,3)LeafElement(1,9.35,9.35,0.4,0.6,0.8,3,3)LeafElement(1,9.35,9.35,0.4,0.8,1,3,3)]/(180)StemElement(1,0.349999,0.326234,0.326234)
[/(5)LeafElement(1,10,10,0.45,0,0.2,4,4)LeafElement(1,10,10,0.45,0.2,0.4,4,4)LeafElement(1,10,10,0.45,0.4,0.6,4,4)LeafElement(1,10,10,0.45,0.6,0.8,4,4)LeafElement(1,10,10,0.45,0.8,1,4,4)]/(180)StemElement(1,0.8,0.326234,0.326234)
[/(5)LeafElement(1,11.4,11.4,0.55,2.09139e-008,0.2,5,5)LeafElement(1,11.4,11.4,0.55,0.2,0.4,5,5)LeafElement(1,11.4,11.4,0.55,0.4,0.6,5,5)LeafElement(1,11.4,11.4,0.55,0.6,0.8,5,5)LeafElement(1,11.4,11.4,0.55,0.8,1,5,5)]/(180)[/(5)LeafElement(1,13.7,9.17806,0.75,2.5977e-008,0.104386,6,6)LeafElement(1,13.7,9.17806,0.75,0.104386,0.402924,6,6)LeafElement(1,13.7,9.17806,0.75,0.402924,0.701462,6,6)LeafElement(1,13.7,9.17806,0.75,0.701462,1,6,6)]/(180)[/(5)LeafElement(1,16.55,0.201234,1,0,1,7,7)]/(180)/(180)/(180)/(180)