newPlant
newAxe
/(180)[+(45)newAxe
/(180)newMetamer
StemElement(1,0.168776,0.260555,0.260555)
[/(5)LeafElement(1,6.35,6.35,0.2625,0,0.2,1,1)LeafElement(1,6.35,6.35,0.2625,0.2,0.4,1,1)LeafElement(1,6.35,6.35,0.2625,0.4,0.6,1,1)LeafElement(1,6.35,6.35,0.2625,0.6,0.8,1,1)LeafElement(1,6.35,6.35,0.2625,0.8,1,1,1)]/(180)[/(5)LeafElement(1,9.5,3.39134,0.4,0,0.439749,2,2)LeafElement(1,9.5,3.39134,0.4,0.439749,1,2,2)]/(180)/(180)]
newMetamer
StemElement(1,1,0.299495,0.299495)
[/(5)LeafElement(1,8.125,8.125,0.3,0,0.2,1,1)LeafElement(1,8.125,8.125,0.3,0.2,0.4,1,1)LeafElement(1,8.125,8.125,0.3,0.4,0.6,1,1)LeafElement(1,8.125,8.125,0.3,0.6,0.8,1,1)LeafElement(1,8.125,8.125,0.3,0.8,1,1,1)]/(180)[+(45)newAxe
/(180)newMetamer
[/(5)LeafElement(1,7.825,4.20382,0.3,-2.83574e-008,0.255439,1,1)LeafElement(1,7.825,4.20382,0.3,0.255439,0.62772,1,1)LeafElement(1,7.825,4.20382,0.3,0.62772,1,1,1)]/(180)/(180)]
newMetamer
StemElement(1,0.0500002,0.299495,0.299495)
[/(5)LeafElement(1,9.25,9.25,0.325,1.28875e-008,0.2,2,2)LeafElement(1,9.25,9.25,0.325,0.2,0.4,2,2)LeafElement(1,9.25,9.25,0.325,0.4,0.6,2,2)LeafElement(1,9.25,9.25,0.325,0.6,0.8,2,2)LeafElement(1,9.25,9.25,0.325,0.8,1,2,2)]/(180)[+(45)newAxe
/(180)]
newMetamer
[/(5)LeafElement(1,9.35,9.35,0.4,2.54993e-008,0.2,3,3)LeafElement(1,9.35,9.35,0.4,0.2,0.4,3,3)LeafElement(1,9.35,9.35,0.4,0.4,0.6,3,3)LeafElement(1,9.35,9.35,0.4,0.6,0.8,3,3)LeafElement(1,9.35,9.35,0.4,0.8,1,3,3)]/(180)[/(5)LeafElement(1,10,9.49373,0.45,0,0.157338,4,4)LeafElement(1,10,9.49373,0.45,0.157338,0.368004,4,4)LeafElement(1,10,9.49373,0.45,0.368004,0.578669,4,4)LeafElement(1,10,9.49373,0.45,0.578669,0.789335,4,4)LeafElement(1,10,9.49373,0.45,0.789335,1,4,4)]/(180)[/(5)LeafElement(1,11.4,3.75314,0.55,0,0.392509,5,5)LeafElement(1,11.4,3.75314,0.55,0.392509,1,5,5)]/(180)/(180)/(180)/(180)/(180)