newPlant
newAxe
/(180)[+(45)newAxe
/(180)newMetamer
StemElement(1,1,0.271381,0.271381)
[/(5)LeafElement(1,6.35,6.35,0.2625,0,0.2,1,1)LeafElement(1,6.35,6.35,0.2625,0.2,0.4,1,1)LeafElement(1,6.35,6.35,0.2625,0.4,0.6,1,1)LeafElement(1,6.35,6.35,0.2625,0.6,0.8,1,1)LeafElement(1,6.35,6.35,0.2625,0.8,1,1,1)]/(180)[/(5)LeafElement(1,9.5,5.48848,0.4,-2.17199e-008,0.307641,2,2)LeafElement(1,9.5,5.48848,0.4,0.307641,0.65382,2,2)LeafElement(1,9.5,5.48848,0.4,0.65382,1,2,2)]/(180)/(180)/(180)]
newMetamer
StemElement(1,1,0.307368,0.307368)
[/(5)LeafElement(1,8.125,8.125,0.3,0,0.2,1,1)LeafElement(1,8.125,8.125,0.3,0.2,0.4,1,1)LeafElement(1,8.125,8.125,0.3,0.4,0.6,1,1)LeafElement(1,8.125,8.125,0.3,0.6,0.8,1,1)LeafElement(1,8.125,8.125,0.3,0.8,1,1,1)]/(180)[+(45)newAxe
/(180)newMetamer
[/(5)LeafElement(1,7.825,6.65585,0.3,-1.79104e-008,0.0594746,1,1)LeafElement(1,7.825,6.65585,0.3,0.0594746,0.294606,1,1)LeafElement(1,7.825,6.65585,0.3,0.294606,0.529737,1,1)LeafElement(1,7.825,6.65585,0.3,0.529737,0.764869,1,1)LeafElement(1,7.825,6.65585,0.3,0.764869,1,1,1)]/(180)[/(5)LeafElement(1,11.65,2.95918,0.465,0,0.212619,2,2)LeafElement(1,11.65,2.95918,0.465,0.212619,1,2,2)]/(180)/(180)]
newMetamer
StemElement(1,0.0500002,0.307368,0.307368)
[/(5)LeafElement(1,9.25,9.25,0.325,1.28875e-008,0.2,2,2)LeafElement(1,9.25,9.25,0.325,0.2,0.4,2,2)LeafElement(1,9.25,9.25,0.325,0.4,0.6,2,2)LeafElement(1,9.25,9.25,0.325,0.6,0.8,2,2)LeafElement(1,9.25,9.25,0.325,0.8,1,2,2)]/(180)[+(45)newAxe
/(180)newMetamer
[/(5)LeafElement(1,8.825,1.43701,0.35,0,1,1,1)]/(180)]
newMetamer
[/(5)LeafElement(1,9.35,9.35,0.4,2.54993e-008,0.2,3,3)LeafElement(1,9.35,9.35,0.4,0.2,0.4,3,3)LeafElement(1,9.35,9.35,0.4,0.4,0.6,3,3)LeafElement(1,9.35,9.35,0.4,0.6,0.8,3,3)LeafElement(1,9.35,9.35,0.4,0.8,1,3,3)]/(180)StemElement(1,0.349999,0.307368,0.307368)
[/(5)LeafElement(1,10,10,0.45,0,0.2,4,4)LeafElement(1,10,10,0.45,0.2,0.4,4,4)LeafElement(1,10,10,0.45,0.4,0.6,4,4)LeafElement(1,10,10,0.45,0.6,0.8,4,4)LeafElement(1,10,10,0.45,0.8,1,4,4)]/(180)[/(5)LeafElement(1,11.4,6.78078,0.55,-3.51609e-008,0.327511,5,5)LeafElement(1,11.4,6.78078,0.55,0.327511,0.663755,5,5)LeafElement(1,11.4,6.78078,0.55,0.663755,1,5,5)]/(180)/(180)/(180)/(180)/(180)/(180)