newPlant
newAxe
/(180)[+(45)newAxe
/(180)newMetamer
[/(5)LeafElement(1,6.35,1.52945,0.2625,0,0.169635,1,1)LeafElement(1,6.35,1.52945,0.2625,0.169635,1,1,1)]/(180)]
newMetamer
StemElement(1,1,0.28009,0.28009)
[/(5)LeafElement(1,8.125,8.125,0.3,0,0.2,1,1)LeafElement(1,8.125,8.125,0.3,0.2,0.4,1,1)LeafElement(1,8.125,8.125,0.3,0.4,0.6,1,1)LeafElement(1,8.125,8.125,0.3,0.6,0.8,1,1)LeafElement(1,8.125,8.125,0.3,0.8,1,1,1)]/(180)[+(45)newAxe
/(180)]
newMetamer
StemElement(1,0.0500002,0.28009,0.28009)
[/(5)LeafElement(1,9.25,9.25,0.325,1.28875e-008,0.2,2,2)LeafElement(1,9.25,9.25,0.325,0.2,0.4,2,2)LeafElement(1,9.25,9.25,0.325,0.4,0.6,2,2)LeafElement(1,9.25,9.25,0.325,0.6,0.8,2,2)LeafElement(1,9.25,9.25,0.325,0.8,1,2,2)]/(180)[+(45)newAxe
]
newMetamer
[/(5)LeafElement(1,9.35,8.14077,0.4,2.9287e-008,0.0811674,3,3)LeafElement(1,9.35,8.14077,0.4,0.0811674,0.310876,3,3)LeafElement(1,9.35,8.14077,0.4,0.310876,0.540584,3,3)LeafElement(1,9.35,8.14077,0.4,0.540584,0.770292,3,3)LeafElement(1,9.35,8.14077,0.4,0.770292,1,3,3)]/(180)[/(5)LeafElement(1,10,2.34325,0.45,0,0.146483,4,4)LeafElement(1,10,2.34325,0.45,0.146483,1,4,4)]/(180)/(180)/(180)/(180)