newPlant
newAxe
/(180)[+(45)newAxe
/(180)newMetamer
StemElement(1,1,0.294235,0.294235)
[/(5)LeafElement(1,6.35,6.35,0.2625,0,0.2,1,1)LeafElement(1,6.35,6.35,0.2625,0.2,0.4,1,1)LeafElement(1,6.35,6.35,0.2625,0.4,0.6,1,1)LeafElement(1,6.35,6.35,0.2625,0.6,0.8,1,1)LeafElement(1,6.35,6.35,0.2625,0.8,1,1,1)]/(180)StemElement(1,1.025,0.294235,0.294235)
[/(5)LeafElement(1,9.5,9.5,0.4,0,0.2,2,2)LeafElement(1,9.5,9.5,0.4,0.2,0.4,2,2)LeafElement(1,9.5,9.5,0.4,0.4,0.6,2,2)LeafElement(1,9.5,9.5,0.4,0.6,0.8,2,2)LeafElement(1,9.5,9.5,0.4,0.8,1,2,2)]/(180)[/(5)LeafElement(1,13.1,7.43508,0.7,-3.20667e-008,0.295233,3,3)LeafElement(1,13.1,7.43508,0.7,0.295233,0.647616,3,3)LeafElement(1,13.1,7.43508,0.7,0.647616,1,3,3)]/(180)/(180)/(180)/(180)]
newMetamer
StemElement(1,1,0.323989,0.323989)
[/(5)LeafElement(1,8.125,8.125,0.3,0,0.2,1,1)LeafElement(1,8.125,8.125,0.3,0.2,0.4,1,1)LeafElement(1,8.125,8.125,0.3,0.4,0.6,1,1)LeafElement(1,8.125,8.125,0.3,0.6,0.8,1,1)LeafElement(1,8.125,8.125,0.3,0.8,1,1,1)]/(180)[+(45)newAxe
/(180)newMetamer
StemElement(1,0.5,0.291983,0.291983)
[/(5)LeafElement(1,7.825,7.825,0.3,0,0.2,1,1)LeafElement(1,7.825,7.825,0.3,0.2,0.4,1,1)LeafElement(1,7.825,7.825,0.3,0.4,0.6,1,1)LeafElement(1,7.825,7.825,0.3,0.6,0.8,1,1)LeafElement(1,7.825,7.825,0.3,0.8,1,1,1)]/(180)[/(5)LeafElement(1,11.65,10.1839,0.465,0,0.0848293,2,2)LeafElement(1,11.65,10.1839,0.465,0.0848293,0.313622,2,2)LeafElement(1,11.65,10.1839,0.465,0.313622,0.542415,2,2)LeafElement(1,11.65,10.1839,0.465,0.542415,0.771207,2,2)LeafElement(1,11.65,10.1839,0.465,0.771207,1,2,2)]/(180)[/(5)LeafElement(1,15.175,3.98694,0.715,0,0.238765,3,3)LeafElement(1,15.175,3.98694,0.715,0.238765,1,3,3)]/(180)/(180)/(180)]
newMetamer
StemElement(1,0.0500002,0.323989,0.323989)
[/(5)LeafElement(1,9.25,9.25,0.325,1.28875e-008,0.2,2,2)LeafElement(1,9.25,9.25,0.325,0.2,0.4,2,2)LeafElement(1,9.25,9.25,0.325,0.4,0.6,2,2)LeafElement(1,9.25,9.25,0.325,0.6,0.8,2,2)LeafElement(1,9.25,9.25,0.325,0.8,1,2,2)]/(180)[+(45)newAxe
/(180)newMetamer
[/(5)LeafElement(1,8.825,7.2534,0.35,1.64349e-008,0.026664,1,1)LeafElement(1,8.825,7.2534,0.35,0.026664,0.269998,1,1)LeafElement(1,8.825,7.2534,0.35,0.269998,0.513332,1,1)LeafElement(1,8.825,7.2534,0.35,0.513332,0.756666,1,1)LeafElement(1,8.825,7.2534,0.35,0.756666,1,1,1)]/(180)[/(5)LeafElement(1,12,2.55553,0.5,0,0.0608602,2,2)LeafElement(1,12,2.55553,0.5,0.0608602,1,2,2)]/(180)/(180)]
newMetamer
[/(5)LeafElement(1,9.35,9.35,0.4,2.54993e-008,0.2,3,3)LeafElement(1,9.35,9.35,0.4,0.2,0.4,3,3)LeafElement(1,9.35,9.35,0.4,0.4,0.6,3,3)LeafElement(1,9.35,9.35,0.4,0.6,0.8,3,3)LeafElement(1,9.35,9.35,0.4,0.8,1,3,3)]/(180)StemElement(1,0.349999,0.323989,0.323989)
[/(5)LeafElement(1,10,10,0.45,0,0.2,4,4)LeafElement(1,10,10,0.45,0.2,0.4,4,4)LeafElement(1,10,10,0.45,0.4,0.6,4,4)LeafElement(1,10,10,0.45,0.6,0.8,4,4)LeafElement(1,10,10,0.45,0.8,1,4,4)]/(180)StemElement(1,0.8,0.323989,0.323989)
[/(5)LeafElement(1,11.4,11.4,0.55,2.09139e-008,0.2,5,5)LeafElement(1,11.4,11.4,0.55,0.2,0.4,5,5)LeafElement(1,11.4,11.4,0.55,0.4,0.6,5,5)LeafElement(1,11.4,11.4,0.55,0.6,0.8,5,5)LeafElement(1,11.4,11.4,0.55,0.8,1,5,5)]/(180)[/(5)LeafElement(1,13.7,7.94823,0.75,2.99964e-008,0.310538,6,6)LeafElement(1,13.7,7.94823,0.75,0.310538,0.655269,6,6)LeafElement(1,13.7,7.94823,0.75,0.655269,1,6,6)]/(180)/(180)/(180)/(180)/(180)