newPlant
newAxe
/(180)[+(45)newAxe
/(180)newMetamer
StemElement(1,1,0.265677,0.265677)
[/(5)LeafElement(1,6.35,6.35,0.2625,0,0.2,1,1)LeafElement(1,6.35,6.35,0.2625,0.2,0.4,1,1)LeafElement(1,6.35,6.35,0.2625,0.4,0.6,1,1)LeafElement(1,6.35,6.35,0.2625,0.6,0.8,1,1)LeafElement(1,6.35,6.35,0.2625,0.8,1,1,1)]/(180)[/(5)LeafElement(1,9.5,3.94566,0.4,-3.02128e-008,0.0369161,2,2)LeafElement(1,9.5,3.94566,0.4,0.0369161,0.518458,2,2)LeafElement(1,9.5,3.94566,0.4,0.518458,1,2,2)]/(180)/(180)/(180)]
newMetamer
StemElement(1,1,0.30322,0.30322)
[/(5)LeafElement(1,8.125,8.125,0.3,0,0.2,1,1)LeafElement(1,8.125,8.125,0.3,0.2,0.4,1,1)LeafElement(1,8.125,8.125,0.3,0.4,0.6,1,1)LeafElement(1,8.125,8.125,0.3,0.6,0.8,1,1)LeafElement(1,8.125,8.125,0.3,0.8,1,1,1)]/(180)[+(45)newAxe
/(180)newMetamer
[/(5)LeafElement(1,7.825,5.36399,0.3,-2.2224e-008,0.124719,1,1)LeafElement(1,7.825,5.36399,0.3,0.124719,0.416479,1,1)LeafElement(1,7.825,5.36399,0.3,0.416479,0.70824,1,1)LeafElement(1,7.825,5.36399,0.3,0.70824,1,1,1)]/(180)[/(5)LeafElement(1,11.65,1.03136,0.465,0,1,2,2)]/(180)/(180)]
newMetamer
StemElement(1,0.0500002,0.30322,0.30322)
[/(5)LeafElement(1,9.25,9.25,0.325,1.28875e-008,0.2,2,2)LeafElement(1,9.25,9.25,0.325,0.2,0.4,2,2)LeafElement(1,9.25,9.25,0.325,0.4,0.6,2,2)LeafElement(1,9.25,9.25,0.325,0.6,0.8,2,2)LeafElement(1,9.25,9.25,0.325,0.8,1,2,2)]/(180)[+(45)newAxe
/(180)/(180)]
newMetamer
[/(5)LeafElement(1,9.35,9.35,0.4,2.54993e-008,0.2,3,3)LeafElement(1,9.35,9.35,0.4,0.2,0.4,3,3)LeafElement(1,9.35,9.35,0.4,0.4,0.6,3,3)LeafElement(1,9.35,9.35,0.4,0.6,0.8,3,3)LeafElement(1,9.35,9.35,0.4,0.8,1,3,3)]/(180)StemElement(1,0.349999,0.30322,0.30322)
[/(5)LeafElement(1,10,10,0.45,0,0.2,4,4)LeafElement(1,10,10,0.45,0.2,0.4,4,4)LeafElement(1,10,10,0.45,0.4,0.6,4,4)LeafElement(1,10,10,0.45,0.6,0.8,4,4)LeafElement(1,10,10,0.45,0.8,1,4,4)]/(180)[/(5)LeafElement(1,11.4,5.00126,0.55,-4.76717e-008,0.0882296,5,5)LeafElement(1,11.4,5.00126,0.55,0.0882296,0.544115,5,5)LeafElement(1,11.4,5.00126,0.55,0.544115,1,5,5)]/(180)/(180)/(180)/(180)/(180)/(180)