newPlant
newAxe
/(180)[+(45)newAxe
/(180)newMetamer
StemElement(1,1,0.27374,0.27374)
[/(5)LeafElement(1,6.35,6.35,0.2625,0,0.2,1,1)LeafElement(1,6.35,6.35,0.2625,0.2,0.4,1,1)LeafElement(1,6.35,6.35,0.2625,0.4,0.6,1,1)LeafElement(1,6.35,6.35,0.2625,0.6,0.8,1,1)LeafElement(1,6.35,6.35,0.2625,0.8,1,1,1)]/(180)[/(5)LeafElement(1,9.5,6.12656,0.4,-1.94578e-008,0.0696251,2,2)LeafElement(1,9.5,6.12656,0.4,0.0696251,0.37975,2,2)LeafElement(1,9.5,6.12656,0.4,0.37975,0.689875,2,2)LeafElement(1,9.5,6.12656,0.4,0.689875,1,2,2)]/(180)[/(5)LeafElement(1,13.1,0.425925,0.7,0,1,3,3)]/(180)/(180)]
newMetamer
StemElement(1,1,0.309083,0.309083)
[/(5)LeafElement(1,8.125,8.125,0.3,0,0.2,1,1)LeafElement(1,8.125,8.125,0.3,0.2,0.4,1,1)LeafElement(1,8.125,8.125,0.3,0.4,0.6,1,1)LeafElement(1,8.125,8.125,0.3,0.6,0.8,1,1)LeafElement(1,8.125,8.125,0.3,0.8,1,1,1)]/(180)[+(45)newAxe
/(180)newMetamer
[/(5)LeafElement(1,7.825,7.19015,0.3,-1.65795e-008,0.129364,1,1)LeafElement(1,7.825,7.19015,0.3,0.129364,0.347023,1,1)LeafElement(1,7.825,7.19015,0.3,0.347023,0.564682,1,1)LeafElement(1,7.825,7.19015,0.3,0.564682,0.782341,1,1)LeafElement(1,7.825,7.19015,0.3,0.782341,1,1,1)]/(180)[/(5)LeafElement(1,11.65,3.75649,0.465,0,0.37974,2,2)LeafElement(1,11.65,3.75649,0.465,0.37974,1,2,2)]/(180)/(180)]
newMetamer
StemElement(1,0.0500002,0.309083,0.309083)
[/(5)LeafElement(1,9.25,9.25,0.325,1.28875e-008,0.2,2,2)LeafElement(1,9.25,9.25,0.325,0.2,0.4,2,2)LeafElement(1,9.25,9.25,0.325,0.4,0.6,2,2)LeafElement(1,9.25,9.25,0.325,0.6,0.8,2,2)LeafElement(1,9.25,9.25,0.325,0.8,1,2,2)]/(180)[+(45)newAxe
/(180)newMetamer
[/(5)LeafElement(1,8.825,2.03735,0.35,0,0.133681,1,1)LeafElement(1,8.825,2.03735,0.35,0.133681,1,1,1)]/(180)]
newMetamer
[/(5)LeafElement(1,9.35,9.35,0.4,2.54993e-008,0.2,3,3)LeafElement(1,9.35,9.35,0.4,0.2,0.4,3,3)LeafElement(1,9.35,9.35,0.4,0.4,0.6,3,3)LeafElement(1,9.35,9.35,0.4,0.6,0.8,3,3)LeafElement(1,9.35,9.35,0.4,0.8,1,3,3)]/(180)StemElement(1,0.349999,0.309083,0.309083)
[/(5)LeafElement(1,10,10,0.45,0,0.2,4,4)LeafElement(1,10,10,0.45,0.2,0.4,4,4)LeafElement(1,10,10,0.45,0.4,0.6,4,4)LeafElement(1,10,10,0.45,0.6,0.8,4,4)LeafElement(1,10,10,0.45,0.8,1,4,4)]/(180)[/(5)LeafElement(1,11.4,7.51676,0.55,3.17183e-008,0.0900331,5,5)LeafElement(1,11.4,7.51676,0.55,0.0900332,0.393355,5,5)LeafElement(1,11.4,7.51676,0.55,0.393355,0.696678,5,5)LeafElement(1,11.4,7.51676,0.55,0.696678,1,5,5)]/(180)[/(5)LeafElement(1,13.7,0.580858,0.75,0,1,6,6)]/(180)/(180)/(180)/(180)/(180)