newPlant
newAxe
/(180)[+(45)newAxe
/(180)newMetamer
StemElement(1,0.146286,0.260435,0.260435)
[/(5)LeafElement(1,6.35,6.35,0.2625,0,0.2,1,1)LeafElement(1,6.35,6.35,0.2625,0.2,0.4,1,1)LeafElement(1,6.35,6.35,0.2625,0.4,0.6,1,1)LeafElement(1,6.35,6.35,0.2625,0.6,0.8,1,1)LeafElement(1,6.35,6.35,0.2625,0.8,1,1,1)]/(180)[/(5)LeafElement(1,9.5,3.3813,0.4,0,0.438085,2,2)LeafElement(1,9.5,3.3813,0.4,0.438085,1,2,2)]/(180)/(180)]
newMetamer
StemElement(1,1,0.299407,0.299407)
[/(5)LeafElement(1,8.125,8.125,0.3,0,0.2,1,1)LeafElement(1,8.125,8.125,0.3,0.2,0.4,1,1)LeafElement(1,8.125,8.125,0.3,0.4,0.6,1,1)LeafElement(1,8.125,8.125,0.3,0.6,0.8,1,1)LeafElement(1,8.125,8.125,0.3,0.8,1,1,1)]/(180)[+(45)newAxe
/(180)newMetamer
[/(5)LeafElement(1,7.825,4.17658,0.3,-2.85423e-008,0.250583,1,1)LeafElement(1,7.825,4.17658,0.3,0.250583,0.625292,1,1)LeafElement(1,7.825,4.17658,0.3,0.625292,1,1,1)]/(180)/(180)]
newMetamer
StemElement(1,0.0500002,0.299407,0.299407)
[/(5)LeafElement(1,9.25,9.25,0.325,1.28875e-008,0.2,2,2)LeafElement(1,9.25,9.25,0.325,0.2,0.4,2,2)LeafElement(1,9.25,9.25,0.325,0.4,0.6,2,2)LeafElement(1,9.25,9.25,0.325,0.6,0.8,2,2)LeafElement(1,9.25,9.25,0.325,0.8,1,2,2)]/(180)[+(45)newAxe
/(180)]
newMetamer
[/(5)LeafElement(1,9.35,9.35,0.4,2.54993e-008,0.2,3,3)LeafElement(1,9.35,9.35,0.4,0.2,0.4,3,3)LeafElement(1,9.35,9.35,0.4,0.4,0.6,3,3)LeafElement(1,9.35,9.35,0.4,0.6,0.8,3,3)LeafElement(1,9.35,9.35,0.4,0.8,1,3,3)]/(180)[/(5)LeafElement(1,10,9.46149,0.45,0,0.154468,4,4)LeafElement(1,10,9.46149,0.45,0.154468,0.365851,4,4)LeafElement(1,10,9.46149,0.45,0.365851,0.577234,4,4)LeafElement(1,10,9.46149,0.45,0.577234,0.788617,4,4)LeafElement(1,10,9.46149,0.45,0.788617,1,4,4)]/(180)[/(5)LeafElement(1,11.4,3.71562,0.55,0,0.386374,5,5)LeafElement(1,11.4,3.71562,0.55,0.386374,1,5,5)]/(180)/(180)/(180)/(180)/(180)