newPlant
newAxe
/(180)[+(45)newAxe
]
newMetamer
StemElement(1,1,0.26337,0.26337)
[/(5)LeafElement(1,8.125,8.125,0.3,0,0.2,1,1)LeafElement(1,8.125,8.125,0.3,0.2,0.4,1,1)LeafElement(1,8.125,8.125,0.3,0.4,0.6,1,1)LeafElement(1,8.125,8.125,0.3,0.6,0.8,1,1)LeafElement(1,8.125,8.125,0.3,0.8,1,1,1)]/(180)[+(45)newAxe
]
newMetamer
[/(5)LeafElement(1,9.25,8.59485,0.325,1.38699e-008,0.139019,2,2)LeafElement(1,9.25,8.59485,0.325,0.139019,0.354264,2,2)LeafElement(1,9.25,8.59485,0.325,0.354264,0.569509,2,2)LeafElement(1,9.25,8.59485,0.325,0.569509,0.784755,2,2)LeafElement(1,9.25,8.59485,0.325,0.784755,1,2,2)]/(180)[+(45)newAxe
]
newMetamer
[/(5)LeafElement(1,9.35,2.48911,0.4,0,0.248728,3,3)LeafElement(1,9.35,2.48911,0.4,0.248728,1,3,3)]/(180)/(180)/(180)