newPlant
newAxe
/(180)[+(45)newAxe
/(180)newMetamer
StemElement(1,1,0.269747,0.269747)
[/(5)LeafElement(1,6.35,6.35,0.2625,0,0.2,1,1)LeafElement(1,6.35,6.35,0.2625,0.2,0.4,1,1)LeafElement(1,6.35,6.35,0.2625,0.4,0.6,1,1)LeafElement(1,6.35,6.35,0.2625,0.6,0.8,1,1)LeafElement(1,6.35,6.35,0.2625,0.8,1,1,1)]/(180)[/(5)LeafElement(1,9.5,5.04661,0.4,-2.36216e-008,0.24702,2,2)LeafElement(1,9.5,5.04661,0.4,0.24702,0.62351,2,2)LeafElement(1,9.5,5.04661,0.4,0.62351,1,2,2)]/(180)/(180)/(180)]
newMetamer
StemElement(1,1,0.30618,0.30618)
[/(5)LeafElement(1,8.125,8.125,0.3,0,0.2,1,1)LeafElement(1,8.125,8.125,0.3,0.2,0.4,1,1)LeafElement(1,8.125,8.125,0.3,0.4,0.6,1,1)LeafElement(1,8.125,8.125,0.3,0.6,0.8,1,1)LeafElement(1,8.125,8.125,0.3,0.8,1,1,1)]/(180)[+(45)newAxe
/(180)newMetamer
[/(5)LeafElement(1,7.825,6.28586,0.3,-1.89647e-008,0.00411463,1,1)LeafElement(1,7.825,6.28586,0.3,0.00411465,0.253086,1,1)LeafElement(1,7.825,6.28586,0.3,0.253086,0.502057,1,1)LeafElement(1,7.825,6.28586,0.3,0.502057,0.751029,1,1)LeafElement(1,7.825,6.28586,0.3,0.751029,1,1,1)]/(180)[/(5)LeafElement(1,11.65,2.40705,0.465,0,0.0320106,2,2)LeafElement(1,11.65,2.40705,0.465,0.0320106,1,2,2)]/(180)/(180)]
newMetamer
StemElement(1,0.0500002,0.30618,0.30618)
[/(5)LeafElement(1,9.25,9.25,0.325,1.28875e-008,0.2,2,2)LeafElement(1,9.25,9.25,0.325,0.2,0.4,2,2)LeafElement(1,9.25,9.25,0.325,0.4,0.6,2,2)LeafElement(1,9.25,9.25,0.325,0.6,0.8,2,2)LeafElement(1,9.25,9.25,0.325,0.8,1,2,2)]/(180)[+(45)newAxe
/(180)newMetamer
[/(5)LeafElement(1,8.825,1.02129,0.35,0,1,1,1)]/(180)]
newMetamer
[/(5)LeafElement(1,9.35,9.35,0.4,2.54993e-008,0.2,3,3)LeafElement(1,9.35,9.35,0.4,0.2,0.4,3,3)LeafElement(1,9.35,9.35,0.4,0.4,0.6,3,3)LeafElement(1,9.35,9.35,0.4,0.6,0.8,3,3)LeafElement(1,9.35,9.35,0.4,0.8,1,3,3)]/(180)StemElement(1,0.349999,0.30618,0.30618)
[/(5)LeafElement(1,10,10,0.45,0,0.2,4,4)LeafElement(1,10,10,0.45,0.2,0.4,4,4)LeafElement(1,10,10,0.45,0.4,0.6,4,4)LeafElement(1,10,10,0.45,0.6,0.8,4,4)LeafElement(1,10,10,0.45,0.8,1,4,4)]/(180)[/(5)LeafElement(1,11.4,6.27112,0.55,-3.80185e-008,0.272858,5,5)LeafElement(1,11.4,6.27112,0.55,0.272858,0.636429,5,5)LeafElement(1,11.4,6.27112,0.55,0.636429,1,5,5)]/(180)/(180)/(180)/(180)/(180)/(180)