newPlant
newAxe
/(180)[+(45)newAxe
/(180)newMetamer
StemElement(1,1,0.351469,0.351469)
[/(5)LeafElement(1,6.35,6.35,0.2625,0,0.2,1,1)LeafElement(1,6.35,6.35,0.2625,0.2,0.4,1,1)LeafElement(1,6.35,6.35,0.2625,0.4,0.6,1,1)LeafElement(1,6.35,6.35,0.2625,0.6,0.8,1,1)LeafElement(1,6.35,6.35,0.2625,0.8,1,1,1)]/(180)StemElement(1,1.025,0.351469,0.351469)
[/(5)LeafElement(1,9.5,9.5,0.4,0,0.2,2,2)LeafElement(1,9.5,9.5,0.4,0.2,0.4,2,2)LeafElement(1,9.5,9.5,0.4,0.4,0.6,2,2)LeafElement(1,9.5,9.5,0.4,0.6,0.8,2,2)LeafElement(1,9.5,9.5,0.4,0.8,1,2,2)]/(180)StemElement(1,2.56253,0.351469,0.351469)
[/(5)LeafElement(1,13.1,13.1,0.7,1.81999e-008,0.2,3,3)LeafElement(1,13.1,13.1,0.7,0.2,0.4,3,3)LeafElement(1,13.1,13.1,0.7,0.4,0.6,3,3)LeafElement(1,13.1,13.1,0.7,0.6,0.8,3,3)LeafElement(1,13.1,13.1,0.7,0.8,1,3,3)]/(180)StemElement(1,4.33308,0.351469,0.351469)
[/(5)LeafElement(1,17.125,17.125,0.825,0,0.2,4,4)LeafElement(1,17.125,17.125,0.825,0.2,0.4,4,4)LeafElement(1,17.125,17.125,0.825,0.4,0.6,4,4)LeafElement(1,17.125,17.125,0.825,0.6,0.8,4,4)LeafElement(1,17.125,17.125,0.825,0.8,1,4,4)]/(180)[/(5)LeafElement(1,21.45,13.8329,1.1,0,0.0696121,5,5)LeafElement(1,21.45,13.8329,1.1,0.069612,0.379741,5,5)LeafElement(1,21.45,13.8329,1.1,0.379741,0.689871,5,5)LeafElement(1,21.45,13.8329,1.1,0.689871,1,5,5)]/(180)/(180)/(180)]
newMetamer
StemElement(1,1,0.365614,0.365614)
[/(5)LeafElement(1,8.125,8.125,0.3,0,0.2,1,1)LeafElement(1,8.125,8.125,0.3,0.2,0.4,1,1)LeafElement(1,8.125,8.125,0.3,0.4,0.6,1,1)LeafElement(1,8.125,8.125,0.3,0.6,0.8,1,1)LeafElement(1,8.125,8.125,0.3,0.8,1,1,1)]/(180)[+(45)newAxe
/(180)newMetamer
StemElement(1,0.5,0.357393,0.357393)
[/(5)LeafElement(1,7.825,7.825,0.3,0,0.2,1,1)LeafElement(1,7.825,7.825,0.3,0.2,0.4,1,1)LeafElement(1,7.825,7.825,0.3,0.4,0.6,1,1)LeafElement(1,7.825,7.825,0.3,0.6,0.8,1,1)LeafElement(1,7.825,7.825,0.3,0.8,1,1,1)]/(180)StemElement(1,1.85,0.357393,0.357393)
[/(5)LeafElement(1,11.65,11.65,0.465,0,0.2,2,2)LeafElement(1,11.65,11.65,0.465,0.2,0.4,2,2)LeafElement(1,11.65,11.65,0.465,0.4,0.6,2,2)LeafElement(1,11.65,11.65,0.465,0.6,0.8,2,2)LeafElement(1,11.65,11.65,0.465,0.8,1,2,2)]/(180)StemElement(1,4.59514,0.357393,0.357393)
[/(5)LeafElement(1,15.175,15.175,0.715,1.57113e-008,0.2,3,3)LeafElement(1,15.175,15.175,0.715,0.2,0.4,3,3)LeafElement(1,15.175,15.175,0.715,0.4,0.6,3,3)LeafElement(1,15.175,15.175,0.715,0.6,0.8,3,3)LeafElement(1,15.175,15.175,0.715,0.8,1,3,3)]/(180)StemElement(1,0.78338,0.357393,0.357393)
[/(5)LeafElement(1,19.85,19.85,1,0,0.2,4,4)LeafElement(1,19.85,19.85,1,0.2,0.4,4,4)LeafElement(1,19.85,19.85,1,0.4,0.6,4,4)LeafElement(1,19.85,19.85,1,0.6,0.8,4,4)LeafElement(1,19.85,19.85,1,0.8,1,4,4)]/(180)[/(5)LeafElement(1,24.5,7.25573,1.15,0,0.324671,5,5)LeafElement(1,24.5,7.25573,1.15,0.324671,1,5,5)]/(180)/(180)]
newMetamer
StemElement(1,0.0500002,0.365614,0.365614)
[/(5)LeafElement(1,9.25,9.25,0.325,1.28875e-008,0.2,2,2)LeafElement(1,9.25,9.25,0.325,0.2,0.4,2,2)LeafElement(1,9.25,9.25,0.325,0.4,0.6,2,2)LeafElement(1,9.25,9.25,0.325,0.6,0.8,2,2)LeafElement(1,9.25,9.25,0.325,0.8,1,2,2)]/(180)[+(45)newAxe
/(180)newMetamer
StemElement(1,0.85,0.328822,0.328822)
[/(5)LeafElement(1,8.825,8.825,0.35,1.35081e-008,0.2,1,1)LeafElement(1,8.825,8.825,0.35,0.2,0.4,1,1)LeafElement(1,8.825,8.825,0.35,0.4,0.6,1,1)LeafElement(1,8.825,8.825,0.35,0.6,0.8,1,1)LeafElement(1,8.825,8.825,0.35,0.8,1,1,1)]/(180)StemElement(1,2.25452,0.328822,0.328822)
[/(5)LeafElement(1,12,12,0.5,3.97364e-008,0.2,2,2)LeafElement(1,12,12,0.5,0.2,0.4,2,2)LeafElement(1,12,12,0.5,0.4,0.6,2,2)LeafElement(1,12,12,0.5,0.6,0.8,2,2)LeafElement(1,12,12,0.5,0.8,1,2,2)]/(180)StemElement(1,2.19952,0.328822,0.328822)
[/(5)LeafElement(1,16.8125,16.8125,0.675,0,0.2,3,3)LeafElement(1,16.8125,16.8125,0.675,0.2,0.4,3,3)LeafElement(1,16.8125,16.8125,0.675,0.4,0.6,3,3)LeafElement(1,16.8125,16.8125,0.675,0.6,0.8,3,3)LeafElement(1,16.8125,16.8125,0.675,0.8,1,3,3)]/(180)[/(5)LeafElement(1,21.45,6.71761,0.89,0,0.36138,4,4)LeafElement(1,21.45,6.71761,0.89,0.36138,1,4,4)]/(180)/(180)/(180)]
newMetamer
[/(5)LeafElement(1,9.35,9.35,0.4,2.54993e-008,0.2,3,3)LeafElement(1,9.35,9.35,0.4,0.2,0.4,3,3)LeafElement(1,9.35,9.35,0.4,0.4,0.6,3,3)LeafElement(1,9.35,9.35,0.4,0.6,0.8,3,3)LeafElement(1,9.35,9.35,0.4,0.8,1,3,3)]/(180)StemElement(1,0.349999,0.365614,0.365614)
[/(5)LeafElement(1,10,10,0.45,0,0.2,4,4)LeafElement(1,10,10,0.45,0.2,0.4,4,4)LeafElement(1,10,10,0.45,0.4,0.6,4,4)LeafElement(1,10,10,0.45,0.6,0.8,4,4)LeafElement(1,10,10,0.45,0.8,1,4,4)]/(180)StemElement(1,0.8,0.365614,0.365614)
[/(5)LeafElement(1,11.4,11.4,0.55,2.09139e-008,0.2,5,5)LeafElement(1,11.4,11.4,0.55,0.2,0.4,5,5)LeafElement(1,11.4,11.4,0.55,0.4,0.6,5,5)LeafElement(1,11.4,11.4,0.55,0.6,0.8,5,5)LeafElement(1,11.4,11.4,0.55,0.8,1,5,5)]/(180)StemElement(1,2.11552,0.365614,0.365614)
[/(5)LeafElement(1,13.7,13.7,0.75,1.74028e-008,0.2,6,6)LeafElement(1,13.7,13.7,0.75,0.2,0.4,6,6)LeafElement(1,13.7,13.7,0.75,0.4,0.6,6,6)LeafElement(1,13.7,13.7,0.75,0.6,0.8,6,6)LeafElement(1,13.7,13.7,0.75,0.8,1,6,6)]/(180)StemElement(1,3.47998,0.365614,0.365614)
[/(5)LeafElement(1,16.55,16.55,1,0,0.2,7,7)LeafElement(1,16.55,16.55,1,0.2,0.4,7,7)LeafElement(1,16.55,16.55,1,0.4,0.6,7,7)LeafElement(1,16.55,16.55,1,0.6,0.8,7,7)LeafElement(1,16.55,16.55,1,0.8,1,7,7)]/(180)[/(5)LeafElement(1,19.8,14.8642,1.2,-1.60398e-008,0.200762,8,8)LeafElement(1,19.8,14.8642,1.2,0.200762,0.467175,8,8)LeafElement(1,19.8,14.8642,1.2,0.467175,0.733587,8,8)LeafElement(1,19.8,14.8642,1.2,0.733587,1,8,8)]/(180)[/(5)LeafElement(1,25.175,0.89106,1.28,0,1,9,9)]/(180)/(180)