newPlant
newAxe
/(180)[+(45)newAxe
/(180)newMetamer
StemElement(1,1,0.269624,0.269624)
[/(5)LeafElement(1,6.35,6.35,0.2625,0,0.2,1,1)LeafElement(1,6.35,6.35,0.2625,0.2,0.4,1,1)LeafElement(1,6.35,6.35,0.2625,0.4,0.6,1,1)LeafElement(1,6.35,6.35,0.2625,0.6,0.8,1,1)LeafElement(1,6.35,6.35,0.2625,0.8,1,1,1)]/(180)[/(5)LeafElement(1,9.5,5.01331,0.4,-2.37785e-008,0.242018,2,2)LeafElement(1,9.5,5.01331,0.4,0.242018,0.621009,2,2)LeafElement(1,9.5,5.01331,0.4,0.621009,1,2,2)]/(180)/(180)/(180)]
newMetamer
StemElement(1,1,0.30609,0.30609)
[/(5)LeafElement(1,8.125,8.125,0.3,0,0.2,1,1)LeafElement(1,8.125,8.125,0.3,0.2,0.4,1,1)LeafElement(1,8.125,8.125,0.3,0.4,0.6,1,1)LeafElement(1,8.125,8.125,0.3,0.6,0.8,1,1)LeafElement(1,8.125,8.125,0.3,0.8,1,1,1)]/(180)[+(45)newAxe
/(180)newMetamer
[/(5)LeafElement(1,7.825,6.25798,0.3,-1.90492e-008,0.249758,1,1)LeafElement(1,7.825,6.25798,0.3,0.249758,0.499839,1,1)LeafElement(1,7.825,6.25798,0.3,0.499839,0.749919,1,1)LeafElement(1,7.825,6.25798,0.3,0.749919,1,1,1)]/(180)[/(5)LeafElement(1,11.65,2.36544,0.465,0,0.0149826,2,2)LeafElement(1,11.65,2.36544,0.465,0.0149826,1,2,2)]/(180)/(180)]
newMetamer
StemElement(1,0.0500002,0.30609,0.30609)
[/(5)LeafElement(1,9.25,9.25,0.325,1.28875e-008,0.2,2,2)LeafElement(1,9.25,9.25,0.325,0.2,0.4,2,2)LeafElement(1,9.25,9.25,0.325,0.4,0.6,2,2)LeafElement(1,9.25,9.25,0.325,0.6,0.8,2,2)LeafElement(1,9.25,9.25,0.325,0.8,1,2,2)]/(180)[+(45)newAxe
/(180)newMetamer
[/(5)LeafElement(1,8.825,0.989954,0.35,0,1,1,1)]/(180)]
newMetamer
[/(5)LeafElement(1,9.35,9.35,0.4,2.54993e-008,0.2,3,3)LeafElement(1,9.35,9.35,0.4,0.2,0.4,3,3)LeafElement(1,9.35,9.35,0.4,0.4,0.6,3,3)LeafElement(1,9.35,9.35,0.4,0.6,0.8,3,3)LeafElement(1,9.35,9.35,0.4,0.8,1,3,3)]/(180)StemElement(1,0.349999,0.30609,0.30609)
[/(5)LeafElement(1,10,10,0.45,0,0.2,4,4)LeafElement(1,10,10,0.45,0.2,0.4,4,4)LeafElement(1,10,10,0.45,0.4,0.6,4,4)LeafElement(1,10,10,0.45,0.6,0.8,4,4)LeafElement(1,10,10,0.45,0.8,1,4,4)]/(180)[/(5)LeafElement(1,11.4,6.23271,0.55,-3.82528e-008,0.268377,5,5)LeafElement(1,11.4,6.23271,0.55,0.268376,0.634188,5,5)LeafElement(1,11.4,6.23271,0.55,0.634188,1,5,5)]/(180)/(180)/(180)/(180)/(180)/(180)