newPlant
newAxe
/(180)[+(45)newAxe
]
newMetamer
StemElement(1,1,0.253076,0.253076)
[/(5)LeafElement(1,8.125,8.125,0.3,0,0.2,1,1)LeafElement(1,8.125,8.125,0.3,0.2,0.4,1,1)LeafElement(1,8.125,8.125,0.3,0.4,0.6,1,1)LeafElement(1,8.125,8.125,0.3,0.6,0.8,1,1)LeafElement(1,8.125,8.125,0.3,0.8,1,1,1)]/(180)[+(45)newAxe
]
newMetamer
[/(5)LeafElement(1,9.25,5.11311,0.325,2.33144e-008,0.27637,2,2)LeafElement(1,9.25,5.11311,0.325,0.27637,0.638185,2,2)LeafElement(1,9.25,5.11311,0.325,0.638185,1,2,2)]/(180)[+(45)newAxe
]
/(180)/(180)