newPlant
newAxe
/(180)[+(45)newAxe
/(180)newMetamer
StemElement(1,1,0.289446,0.289446)
[/(5)LeafElement(1,6.35,6.35,0.2625,0,0.2,1,1)LeafElement(1,6.35,6.35,0.2625,0.2,0.4,1,1)LeafElement(1,6.35,6.35,0.2625,0.4,0.6,1,1)LeafElement(1,6.35,6.35,0.2625,0.6,0.8,1,1)LeafElement(1,6.35,6.35,0.2625,0.8,1,1,1)]/(180)StemElement(1,0.875156,0.289446,0.289446)
[/(5)LeafElement(1,9.5,9.5,0.4,0,0.2,2,2)LeafElement(1,9.5,9.5,0.4,0.2,0.4,2,2)LeafElement(1,9.5,9.5,0.4,0.4,0.6,2,2)LeafElement(1,9.5,9.5,0.4,0.6,0.8,2,2)LeafElement(1,9.5,9.5,0.4,0.8,1,2,2)]/(180)[/(5)LeafElement(1,13.1,5.7077,0.7,-4.17714e-008,0.0819411,3,3)LeafElement(1,13.1,5.7077,0.7,0.0819411,0.540971,3,3)LeafElement(1,13.1,5.7077,0.7,0.540971,1,3,3)]/(180)/(180)/(180)/(180)]
newMetamer
StemElement(1,1,0.320506,0.320506)
[/(5)LeafElement(1,8.125,8.125,0.3,0,0.2,1,1)LeafElement(1,8.125,8.125,0.3,0.2,0.4,1,1)LeafElement(1,8.125,8.125,0.3,0.4,0.6,1,1)LeafElement(1,8.125,8.125,0.3,0.6,0.8,1,1)LeafElement(1,8.125,8.125,0.3,0.8,1,1,1)]/(180)[+(45)newAxe
/(180)newMetamer
StemElement(1,0.5,0.28651,0.28651)
[/(5)LeafElement(1,7.825,7.825,0.3,0,0.2,1,1)LeafElement(1,7.825,7.825,0.3,0.2,0.4,1,1)LeafElement(1,7.825,7.825,0.3,0.4,0.6,1,1)LeafElement(1,7.825,7.825,0.3,0.6,0.8,1,1)LeafElement(1,7.825,7.825,0.3,0.8,1,1,1)]/(180)[/(5)LeafElement(1,11.65,8.56526,0.465,0,0.183913,2,2)LeafElement(1,11.65,8.56526,0.465,0.183913,0.455942,2,2)LeafElement(1,11.65,8.56526,0.465,0.455942,0.727971,2,2)LeafElement(1,11.65,8.56526,0.465,0.727971,1,2,2)]/(180)[/(5)LeafElement(1,15.175,1.67154,0.715,0,1,3,3)]/(180)/(180)/(180)]
newMetamer
StemElement(1,0.0500002,0.320506,0.320506)
[/(5)LeafElement(1,9.25,9.25,0.325,1.28875e-008,0.2,2,2)LeafElement(1,9.25,9.25,0.325,0.2,0.4,2,2)LeafElement(1,9.25,9.25,0.325,0.4,0.6,2,2)LeafElement(1,9.25,9.25,0.325,0.6,0.8,2,2)LeafElement(1,9.25,9.25,0.325,0.8,1,2,2)]/(180)[+(45)newAxe
/(180)newMetamer
[/(5)LeafElement(1,8.825,6.03465,0.35,1.97542e-008,0.122566,1,1)LeafElement(1,8.825,6.03465,0.35,0.122566,0.415044,1,1)LeafElement(1,8.825,6.03465,0.35,0.415044,0.707522,1,1)LeafElement(1,8.825,6.03465,0.35,0.707522,1,1,1)]/(180)[/(5)LeafElement(1,12,0.82197,0.5,0,1,2,2)]/(180)/(180)]
newMetamer
[/(5)LeafElement(1,9.35,9.35,0.4,2.54993e-008,0.2,3,3)LeafElement(1,9.35,9.35,0.4,0.2,0.4,3,3)LeafElement(1,9.35,9.35,0.4,0.4,0.6,3,3)LeafElement(1,9.35,9.35,0.4,0.6,0.8,3,3)LeafElement(1,9.35,9.35,0.4,0.8,1,3,3)]/(180)StemElement(1,0.349999,0.320506,0.320506)
[/(5)LeafElement(1,10,10,0.45,0,0.2,4,4)LeafElement(1,10,10,0.45,0.2,0.4,4,4)LeafElement(1,10,10,0.45,0.4,0.6,4,4)LeafElement(1,10,10,0.45,0.6,0.8,4,4)LeafElement(1,10,10,0.45,0.8,1,4,4)]/(180)StemElement(1,0.8,0.320506,0.320506)
[/(5)LeafElement(1,11.4,11.4,0.55,2.09139e-008,0.2,5,5)LeafElement(1,11.4,11.4,0.55,0.2,0.4,5,5)LeafElement(1,11.4,11.4,0.55,0.4,0.6,5,5)LeafElement(1,11.4,11.4,0.55,0.6,0.8,5,5)LeafElement(1,11.4,11.4,0.55,0.8,1,5,5)]/(180)[/(5)LeafElement(1,13.7,6.03988,0.75,3.94741e-008,0.0926964,6,6)LeafElement(1,13.7,6.03988,0.75,0.0926965,0.546348,6,6)LeafElement(1,13.7,6.03988,0.75,0.546348,1,6,6)]/(180)/(180)/(180)/(180)/(180)