newPlant
newAxe
/(180)[+(45)newAxe
]
newMetamer
StemElement(1,1,0.25419,0.25419)
[/(5)LeafElement(1,8.125,8.125,0.3,0,0.2,1,1)LeafElement(1,8.125,8.125,0.3,0.2,0.4,1,1)LeafElement(1,8.125,8.125,0.3,0.4,0.6,1,1)LeafElement(1,8.125,8.125,0.3,0.6,0.8,1,1)LeafElement(1,8.125,8.125,0.3,0.8,1,1,1)]/(180)[+(45)newAxe
]
newMetamer
[/(5)LeafElement(1,9.25,5.4898,0.325,2.17147e-008,0.326022,2,2)LeafElement(1,9.25,5.4898,0.325,0.326022,0.663011,2,2)LeafElement(1,9.25,5.4898,0.325,0.663011,1,2,2)]/(180)[+(45)newAxe
]
/(180)/(180)