newPlant
newAxe
/(180)[+(45)newAxe
]
newMetamer
StemElement(1,1,0.256067,0.256067)
[/(5)LeafElement(1,8.125,8.125,0.3,0,0.2,1,1)LeafElement(1,8.125,8.125,0.3,0.2,0.4,1,1)LeafElement(1,8.125,8.125,0.3,0.4,0.6,1,1)LeafElement(1,8.125,8.125,0.3,0.6,0.8,1,1)LeafElement(1,8.125,8.125,0.3,0.8,1,1,1)]/(180)[+(45)newAxe
]
newMetamer
[/(5)LeafElement(1,9.25,6.12483,0.325,1.94633e-008,0.0938523,2,2)LeafElement(1,9.25,6.12483,0.325,0.0938523,0.395902,2,2)LeafElement(1,9.25,6.12483,0.325,0.395902,0.697951,2,2)LeafElement(1,9.25,6.12483,0.325,0.697951,1,2,2)]/(180)[+(45)newAxe
]
/(180)/(180)/(180)