newPlant
newAxe
/(180)[+(45)newAxe
/(180)newMetamer
[/(5)LeafElement(1,6.35,1.68015,0.2625,0,0.244114,1,1)LeafElement(1,6.35,1.68015,0.2625,0.244114,1,1,1)]/(180)]
newMetamer
StemElement(1,1,0.280676,0.280676)
[/(5)LeafElement(1,8.125,8.125,0.3,0,0.2,1,1)LeafElement(1,8.125,8.125,0.3,0.2,0.4,1,1)LeafElement(1,8.125,8.125,0.3,0.4,0.6,1,1)LeafElement(1,8.125,8.125,0.3,0.6,0.8,1,1)LeafElement(1,8.125,8.125,0.3,0.8,1,1,1)]/(180)[+(45)newAxe
/(180)]
newMetamer
StemElement(1,0.0500002,0.280676,0.280676)
[/(5)LeafElement(1,9.25,9.25,0.325,1.28875e-008,0.2,2,2)LeafElement(1,9.25,9.25,0.325,0.2,0.4,2,2)LeafElement(1,9.25,9.25,0.325,0.4,0.6,2,2)LeafElement(1,9.25,9.25,0.325,0.6,0.8,2,2)LeafElement(1,9.25,9.25,0.325,0.8,1,2,2)]/(180)[+(45)newAxe
]
newMetamer
[/(5)LeafElement(1,9.35,8.34062,0.4,2.85852e-008,0.103184,3,3)LeafElement(1,9.35,8.34062,0.4,0.103184,0.327388,3,3)LeafElement(1,9.35,8.34062,0.4,0.327388,0.551592,3,3)LeafElement(1,9.35,8.34062,0.4,0.551592,0.775796,3,3)LeafElement(1,9.35,8.34062,0.4,0.775796,1,3,3)]/(180)[/(5)LeafElement(1,10,2.55922,0.45,0,0.218512,4,4)LeafElement(1,10,2.55922,0.45,0.218512,1,4,4)]/(180)/(180)/(180)/(180)