newPlant
newAxe
/(180)[+(45)newAxe
/(180)newMetamer
StemElement(1,0.0536704,0.259939,0.259939)
[/(5)LeafElement(1,6.35,6.35,0.2625,0,0.2,1,1)LeafElement(1,6.35,6.35,0.2625,0.2,0.4,1,1)LeafElement(1,6.35,6.35,0.2625,0.4,0.6,1,1)LeafElement(1,6.35,6.35,0.2625,0.6,0.8,1,1)LeafElement(1,6.35,6.35,0.2625,0.8,1,1,1)]/(180)[/(5)LeafElement(1,9.5,3.33994,0.4,0,0.431128,2,2)LeafElement(1,9.5,3.33994,0.4,0.431128,1,2,2)]/(180)/(180)]
newMetamer
StemElement(1,1,0.299047,0.299047)
[/(5)LeafElement(1,8.125,8.125,0.3,0,0.2,1,1)LeafElement(1,8.125,8.125,0.3,0.2,0.4,1,1)LeafElement(1,8.125,8.125,0.3,0.4,0.6,1,1)LeafElement(1,8.125,8.125,0.3,0.6,0.8,1,1)LeafElement(1,8.125,8.125,0.3,0.8,1,1,1)]/(180)[+(45)newAxe
/(180)newMetamer
[/(5)LeafElement(1,7.825,4.0644,0.3,-2.93301e-008,0.229899,1,1)LeafElement(1,7.825,4.0644,0.3,0.229899,0.61495,1,1)LeafElement(1,7.825,4.0644,0.3,0.61495,1,1,1)]/(180)/(180)]
newMetamer
StemElement(1,0.0500002,0.299047,0.299047)
[/(5)LeafElement(1,9.25,9.25,0.325,1.28875e-008,0.2,2,2)LeafElement(1,9.25,9.25,0.325,0.2,0.4,2,2)LeafElement(1,9.25,9.25,0.325,0.4,0.6,2,2)LeafElement(1,9.25,9.25,0.325,0.6,0.8,2,2)LeafElement(1,9.25,9.25,0.325,0.8,1,2,2)]/(180)[+(45)newAxe
/(180)]
newMetamer
[/(5)LeafElement(1,9.35,9.35,0.4,2.54993e-008,0.2,3,3)LeafElement(1,9.35,9.35,0.4,0.2,0.4,3,3)LeafElement(1,9.35,9.35,0.4,0.4,0.6,3,3)LeafElement(1,9.35,9.35,0.4,0.6,0.8,3,3)LeafElement(1,9.35,9.35,0.4,0.8,1,3,3)]/(180)[/(5)LeafElement(1,10,9.32876,0.45,0,0.142437,4,4)LeafElement(1,10,9.32876,0.45,0.142437,0.356828,4,4)LeafElement(1,10,9.32876,0.45,0.356828,0.571219,4,4)LeafElement(1,10,9.32876,0.45,0.571219,0.785609,4,4)LeafElement(1,10,9.32876,0.45,0.785609,1,4,4)]/(180)[/(5)LeafElement(1,11.4,3.5611,0.55,0,0.359748,5,5)LeafElement(1,11.4,3.5611,0.55,0.359748,1,5,5)]/(180)/(180)/(180)/(180)/(180)