newPlant
newAxe
/(180)[+(45)newAxe
]
newMetamer
StemElement(1,1,0.257767,0.257767)
[/(5)LeafElement(1,8.125,8.125,0.3,0,0.2,1,1)LeafElement(1,8.125,8.125,0.3,0.2,0.4,1,1)LeafElement(1,8.125,8.125,0.3,0.4,0.6,1,1)LeafElement(1,8.125,8.125,0.3,0.6,0.8,1,1)LeafElement(1,8.125,8.125,0.3,0.8,1,1,1)]/(180)[+(45)newAxe
]
newMetamer
[/(5)LeafElement(1,9.25,6.69976,0.325,1.77931e-008,0.171612,2,2)LeafElement(1,9.25,6.69976,0.325,0.171612,0.447742,2,2)LeafElement(1,9.25,6.69976,0.325,0.447742,0.723871,2,2)LeafElement(1,9.25,6.69976,0.325,0.723871,1,2,2)]/(180)[+(45)newAxe
]
newMetamer
[/(5)LeafElement(1,9.35,0.578621,0.4,0,1,3,3)]/(180)/(180)/(180)