newPlant
newAxe
/(180)[+(45)newAxe
/(180)newMetamer
[/(5)LeafElement(1,6.35,2.99889,0.2625,0,0.153019,1,1)LeafElement(1,6.35,2.99889,0.2625,0.153019,0.57651,1,1)LeafElement(1,6.35,2.99889,0.2625,0.57651,1,1,1)]/(180)/(180)]
newMetamer
StemElement(1,1,0.285805,0.285805)
[/(5)LeafElement(1,8.125,8.125,0.3,0,0.2,1,1)LeafElement(1,8.125,8.125,0.3,0.2,0.4,1,1)LeafElement(1,8.125,8.125,0.3,0.4,0.6,1,1)LeafElement(1,8.125,8.125,0.3,0.6,0.8,1,1)LeafElement(1,8.125,8.125,0.3,0.8,1,1,1)]/(180)[+(45)newAxe
/(180)/(180)]
newMetamer
StemElement(1,0.0500002,0.285805,0.285805)
[/(5)LeafElement(1,9.25,9.25,0.325,1.28875e-008,0.2,2,2)LeafElement(1,9.25,9.25,0.325,0.2,0.4,2,2)LeafElement(1,9.25,9.25,0.325,0.4,0.6,2,2)LeafElement(1,9.25,9.25,0.325,0.6,0.8,2,2)LeafElement(1,9.25,9.25,0.325,0.8,1,2,2)]/(180)[+(45)newAxe
]
newMetamer
[/(5)LeafElement(1,9.35,9.35,0.4,2.54993e-008,0.2,3,3)LeafElement(1,9.35,9.35,0.4,0.2,0.4,3,3)LeafElement(1,9.35,9.35,0.4,0.4,0.6,3,3)LeafElement(1,9.35,9.35,0.4,0.6,0.8,3,3)LeafElement(1,9.35,9.35,0.4,0.8,1,3,3)]/(180)[/(5)LeafElement(1,10,4.44918,0.45,0,0.100958,4,4)LeafElement(1,10,4.44918,0.45,0.100958,0.550479,4,4)LeafElement(1,10,4.44918,0.45,0.550479,1,4,4)]/(180)/(180)/(180)/(180)/(180)