newPlant
newAxe
/(180)[+(45)newAxe
/(180)newMetamer
StemElement(1,1,0.270171,0.270171)
[/(5)LeafElement(1,6.35,6.35,0.2625,0,0.2,1,1)LeafElement(1,6.35,6.35,0.2625,0.2,0.4,1,1)LeafElement(1,6.35,6.35,0.2625,0.4,0.6,1,1)LeafElement(1,6.35,6.35,0.2625,0.6,0.8,1,1)LeafElement(1,6.35,6.35,0.2625,0.8,1,1,1)]/(180)[/(5)LeafElement(1,9.5,5.16137,0.4,-2.30964e-008,0.263761,2,2)LeafElement(1,9.5,5.16137,0.4,0.263761,0.631881,2,2)LeafElement(1,9.5,5.16137,0.4,0.631881,1,2,2)]/(180)/(180)/(180)]
newMetamer
StemElement(1,1,0.306488,0.306488)
[/(5)LeafElement(1,8.125,8.125,0.3,0,0.2,1,1)LeafElement(1,8.125,8.125,0.3,0.2,0.4,1,1)LeafElement(1,8.125,8.125,0.3,0.4,0.6,1,1)LeafElement(1,8.125,8.125,0.3,0.6,0.8,1,1)LeafElement(1,8.125,8.125,0.3,0.8,1,1,1)]/(180)[+(45)newAxe
/(180)newMetamer
[/(5)LeafElement(1,7.825,6.38195,0.3,-1.86791e-008,0.019109,1,1)LeafElement(1,7.825,6.38195,0.3,0.019109,0.264332,1,1)LeafElement(1,7.825,6.38195,0.3,0.264332,0.509555,1,1)LeafElement(1,7.825,6.38195,0.3,0.509554,0.754777,1,1)LeafElement(1,7.825,6.38195,0.3,0.754777,1,1,1)]/(180)[/(5)LeafElement(1,11.65,2.55044,0.465,0,0.0864325,2,2)LeafElement(1,11.65,2.55044,0.465,0.0864325,1,2,2)]/(180)/(180)]
newMetamer
StemElement(1,0.0500002,0.306488,0.306488)
[/(5)LeafElement(1,9.25,9.25,0.325,1.28875e-008,0.2,2,2)LeafElement(1,9.25,9.25,0.325,0.2,0.4,2,2)LeafElement(1,9.25,9.25,0.325,0.4,0.6,2,2)LeafElement(1,9.25,9.25,0.325,0.6,0.8,2,2)LeafElement(1,9.25,9.25,0.325,0.8,1,2,2)]/(180)[+(45)newAxe
/(180)newMetamer
[/(5)LeafElement(1,8.825,1.12925,0.35,0,1,1,1)]/(180)]
newMetamer
[/(5)LeafElement(1,9.35,9.35,0.4,2.54993e-008,0.2,3,3)LeafElement(1,9.35,9.35,0.4,0.2,0.4,3,3)LeafElement(1,9.35,9.35,0.4,0.4,0.6,3,3)LeafElement(1,9.35,9.35,0.4,0.6,0.8,3,3)LeafElement(1,9.35,9.35,0.4,0.8,1,3,3)]/(180)StemElement(1,0.349999,0.306488,0.306488)
[/(5)LeafElement(1,10,10,0.45,0,0.2,4,4)LeafElement(1,10,10,0.45,0.2,0.4,4,4)LeafElement(1,10,10,0.45,0.4,0.6,4,4)LeafElement(1,10,10,0.45,0.6,0.8,4,4)LeafElement(1,10,10,0.45,0.8,1,4,4)]/(180)[/(5)LeafElement(1,11.4,6.40348,0.55,-3.72326e-008,0.287888,5,5)LeafElement(1,11.4,6.40348,0.55,0.287888,0.643944,5,5)LeafElement(1,11.4,6.40348,0.55,0.643944,1,5,5)]/(180)/(180)/(180)/(180)/(180)/(180)