newPlant
newAxe
/(180)[+(45)newAxe
/(180)newMetamer
StemElement(1,1,0.284756,0.284756)
[/(5)LeafElement(1,6.35,6.35,0.2625,0,0.2,1,1)LeafElement(1,6.35,6.35,0.2625,0.2,0.4,1,1)LeafElement(1,6.35,6.35,0.2625,0.4,0.6,1,1)LeafElement(1,6.35,6.35,0.2625,0.6,0.8,1,1)LeafElement(1,6.35,6.35,0.2625,0.8,1,1,1)]/(180)[/(5)LeafElement(1,9.5,9.10642,0.4,-1.30907e-008,0.165424,2,2)LeafElement(1,9.5,9.10642,0.4,0.165424,0.374068,2,2)LeafElement(1,9.5,9.10642,0.4,0.374068,0.582712,2,2)LeafElement(1,9.5,9.10642,0.4,0.582712,0.791356,2,2)LeafElement(1,9.5,9.10642,0.4,0.791356,1,2,2)]/(180)[/(5)LeafElement(1,13.1,4.74424,0.7,0,0.447751,3,3)LeafElement(1,13.1,4.74424,0.7,0.447751,1,3,3)]/(180)/(180)/(180)]
newMetamer
StemElement(1,1,0.317095,0.317095)
[/(5)LeafElement(1,8.125,8.125,0.3,0,0.2,1,1)LeafElement(1,8.125,8.125,0.3,0.2,0.4,1,1)LeafElement(1,8.125,8.125,0.3,0.4,0.6,1,1)LeafElement(1,8.125,8.125,0.3,0.6,0.8,1,1)LeafElement(1,8.125,8.125,0.3,0.8,1,1,1)]/(180)[+(45)newAxe
/(180)newMetamer
StemElement(1,0.5,0.281149,0.281149)
[/(5)LeafElement(1,7.825,7.825,0.3,0,0.2,1,1)LeafElement(1,7.825,7.825,0.3,0.2,0.4,1,1)LeafElement(1,7.825,7.825,0.3,0.4,0.6,1,1)LeafElement(1,7.825,7.825,0.3,0.6,0.8,1,1)LeafElement(1,7.825,7.825,0.3,0.8,1,1,1)]/(180)[/(5)LeafElement(1,11.65,6.97993,0.465,0,0.332372,2,2)LeafElement(1,11.65,6.97993,0.465,0.332372,0.666186,2,2)LeafElement(1,11.65,6.97993,0.465,0.666186,1,2,2)]/(180)/(180)/(180)]
newMetamer
StemElement(1,0.0500002,0.317095,0.317095)
[/(5)LeafElement(1,9.25,9.25,0.325,1.28875e-008,0.2,2,2)LeafElement(1,9.25,9.25,0.325,0.2,0.4,2,2)LeafElement(1,9.25,9.25,0.325,0.4,0.6,2,2)LeafElement(1,9.25,9.25,0.325,0.6,0.8,2,2)LeafElement(1,9.25,9.25,0.325,0.8,1,2,2)]/(180)[+(45)newAxe
/(180)newMetamer
[/(5)LeafElement(1,8.825,4.84095,0.35,2.46252e-008,0.270805,1,1)LeafElement(1,8.825,4.84095,0.35,0.270805,0.635402,1,1)LeafElement(1,8.825,4.84095,0.35,0.635402,1,1,1)]/(180)/(180)]
newMetamer
[/(5)LeafElement(1,9.35,9.35,0.4,2.54993e-008,0.2,3,3)LeafElement(1,9.35,9.35,0.4,0.2,0.4,3,3)LeafElement(1,9.35,9.35,0.4,0.4,0.6,3,3)LeafElement(1,9.35,9.35,0.4,0.6,0.8,3,3)LeafElement(1,9.35,9.35,0.4,0.8,1,3,3)]/(180)StemElement(1,0.349999,0.317095,0.317095)
[/(5)LeafElement(1,10,10,0.45,0,0.2,4,4)LeafElement(1,10,10,0.45,0.2,0.4,4,4)LeafElement(1,10,10,0.45,0.4,0.6,4,4)LeafElement(1,10,10,0.45,0.6,0.8,4,4)LeafElement(1,10,10,0.45,0.8,1,4,4)]/(180)[/(5)LeafElement(1,11.4,10.9538,0.55,2.17659e-008,0.167411,5,5)LeafElement(1,11.4,10.9538,0.55,0.167411,0.375558,5,5)LeafElement(1,11.4,10.9538,0.55,0.375558,0.583705,5,5)LeafElement(1,11.4,10.9538,0.55,0.583705,0.791853,5,5)LeafElement(1,11.4,10.9538,0.55,0.791853,1,5,5)]/(180)[/(5)LeafElement(1,13.7,4.97078,0.75,0,0.448778,6,6)LeafElement(1,13.7,4.97078,0.75,0.448778,1,6,6)]/(180)/(180)/(180)/(180)/(180)