newPlant
newAxe
/(180)[+(45)newAxe
/(180)newMetamer
StemElement(1,1,0.341797,0.341797)
[/(5)LeafElement(1,6.35,6.35,0.2625,0,0.2,1,1)LeafElement(1,6.35,6.35,0.2625,0.2,0.4,1,1)LeafElement(1,6.35,6.35,0.2625,0.4,0.6,1,1)LeafElement(1,6.35,6.35,0.2625,0.6,0.8,1,1)LeafElement(1,6.35,6.35,0.2625,0.8,1,1,1)]/(180)StemElement(1,1.025,0.341797,0.341797)
[/(5)LeafElement(1,9.5,9.5,0.4,0,0.2,2,2)LeafElement(1,9.5,9.5,0.4,0.2,0.4,2,2)LeafElement(1,9.5,9.5,0.4,0.4,0.6,2,2)LeafElement(1,9.5,9.5,0.4,0.6,0.8,2,2)LeafElement(1,9.5,9.5,0.4,0.8,1,2,2)]/(180)StemElement(1,2.53931,0.341797,0.341797)
[/(5)LeafElement(1,13.1,13.1,0.7,1.81999e-008,0.2,3,3)LeafElement(1,13.1,13.1,0.7,0.2,0.4,3,3)LeafElement(1,13.1,13.1,0.7,0.4,0.6,3,3)LeafElement(1,13.1,13.1,0.7,0.6,0.8,3,3)LeafElement(1,13.1,13.1,0.7,0.8,1,3,3)]/(180)StemElement(1,3.79922,0.341797,0.341797)
[/(5)LeafElement(1,17.125,17.125,0.825,0,0.2,4,4)LeafElement(1,17.125,17.125,0.825,0.2,0.4,4,4)LeafElement(1,17.125,17.125,0.825,0.4,0.6,4,4)LeafElement(1,17.125,17.125,0.825,0.6,0.8,4,4)LeafElement(1,17.125,17.125,0.825,0.8,1,4,4)]/(180)[/(5)LeafElement(1,21.45,7.45949,1.1,0,0.424893,5,5)LeafElement(1,21.45,7.45949,1.1,0.424893,1,5,5)]/(180)/(180)/(180)]
newMetamer
StemElement(1,1,0.35858,0.35858)
[/(5)LeafElement(1,8.125,8.125,0.3,0,0.2,1,1)LeafElement(1,8.125,8.125,0.3,0.2,0.4,1,1)LeafElement(1,8.125,8.125,0.3,0.4,0.6,1,1)LeafElement(1,8.125,8.125,0.3,0.6,0.8,1,1)LeafElement(1,8.125,8.125,0.3,0.8,1,1,1)]/(180)[+(45)newAxe
/(180)newMetamer
StemElement(1,0.5,0.34634,0.34634)
[/(5)LeafElement(1,7.825,7.825,0.3,0,0.2,1,1)LeafElement(1,7.825,7.825,0.3,0.2,0.4,1,1)LeafElement(1,7.825,7.825,0.3,0.4,0.6,1,1)LeafElement(1,7.825,7.825,0.3,0.6,0.8,1,1)LeafElement(1,7.825,7.825,0.3,0.8,1,1,1)]/(180)StemElement(1,1.84131,0.34634,0.34634)
[/(5)LeafElement(1,11.65,11.65,0.465,0,0.2,2,2)LeafElement(1,11.65,11.65,0.465,0.2,0.4,2,2)LeafElement(1,11.65,11.65,0.465,0.4,0.6,2,2)LeafElement(1,11.65,11.65,0.465,0.6,0.8,2,2)LeafElement(1,11.65,11.65,0.465,0.8,1,2,2)]/(180)StemElement(1,4.23536,0.34634,0.34634)
[/(5)LeafElement(1,15.175,15.175,0.715,1.57113e-008,0.2,3,3)LeafElement(1,15.175,15.175,0.715,0.2,0.4,3,3)LeafElement(1,15.175,15.175,0.715,0.4,0.6,3,3)LeafElement(1,15.175,15.175,0.715,0.6,0.8,3,3)LeafElement(1,15.175,15.175,0.715,0.8,1,3,3)]/(180)[/(5)LeafElement(1,19.85,14.6274,1,-1.62994e-008,0.185777,4,4)LeafElement(1,19.85,14.6274,1,0.185777,0.457185,4,4)LeafElement(1,19.85,14.6274,1,0.457185,0.728592,4,4)LeafElement(1,19.85,14.6274,1,0.728592,1,4,4)]/(180)[/(5)LeafElement(1,24.5,0.785556,1.15,0,1,5,5)]/(180)/(180)]
newMetamer
StemElement(1,0.0500002,0.35858,0.35858)
[/(5)LeafElement(1,9.25,9.25,0.325,1.28875e-008,0.2,2,2)LeafElement(1,9.25,9.25,0.325,0.2,0.4,2,2)LeafElement(1,9.25,9.25,0.325,0.4,0.6,2,2)LeafElement(1,9.25,9.25,0.325,0.6,0.8,2,2)LeafElement(1,9.25,9.25,0.325,0.8,1,2,2)]/(180)[+(45)newAxe
/(180)newMetamer
StemElement(1,0.85,0.317768,0.317768)
[/(5)LeafElement(1,8.825,8.825,0.35,1.35081e-008,0.2,1,1)LeafElement(1,8.825,8.825,0.35,0.2,0.4,1,1)LeafElement(1,8.825,8.825,0.35,0.4,0.6,1,1)LeafElement(1,8.825,8.825,0.35,0.6,0.8,1,1)LeafElement(1,8.825,8.825,0.35,0.8,1,1,1)]/(180)StemElement(1,2.23131,0.317768,0.317768)
[/(5)LeafElement(1,12,12,0.5,3.97364e-008,0.2,2,2)LeafElement(1,12,12,0.5,0.2,0.4,2,2)LeafElement(1,12,12,0.5,0.4,0.6,2,2)LeafElement(1,12,12,0.5,0.6,0.8,2,2)LeafElement(1,12,12,0.5,0.8,1,2,2)]/(180)[/(5)LeafElement(1,16.8125,13.9224,0.675,-1.71248e-008,0.0339342,3,3)LeafElement(1,16.8125,13.9224,0.675,0.0339342,0.275451,3,3)LeafElement(1,16.8125,13.9224,0.675,0.275451,0.516967,3,3)LeafElement(1,16.8125,13.9224,0.675,0.516967,0.758484,3,3)LeafElement(1,16.8125,13.9224,0.675,0.758484,1,3,3)]/(180)[/(5)LeafElement(1,21.45,2.52434,0.89,0,1,4,4)]/(180)/(180)/(180)]
newMetamer
[/(5)LeafElement(1,9.35,9.35,0.4,2.54993e-008,0.2,3,3)LeafElement(1,9.35,9.35,0.4,0.2,0.4,3,3)LeafElement(1,9.35,9.35,0.4,0.4,0.6,3,3)LeafElement(1,9.35,9.35,0.4,0.6,0.8,3,3)LeafElement(1,9.35,9.35,0.4,0.8,1,3,3)]/(180)StemElement(1,0.349999,0.35858,0.35858)
[/(5)LeafElement(1,10,10,0.45,0,0.2,4,4)LeafElement(1,10,10,0.45,0.2,0.4,4,4)LeafElement(1,10,10,0.45,0.4,0.6,4,4)LeafElement(1,10,10,0.45,0.6,0.8,4,4)LeafElement(1,10,10,0.45,0.8,1,4,4)]/(180)StemElement(1,0.8,0.35858,0.35858)
[/(5)LeafElement(1,11.4,11.4,0.55,2.09139e-008,0.2,5,5)LeafElement(1,11.4,11.4,0.55,0.2,0.4,5,5)LeafElement(1,11.4,11.4,0.55,0.4,0.6,5,5)LeafElement(1,11.4,11.4,0.55,0.6,0.8,5,5)LeafElement(1,11.4,11.4,0.55,0.8,1,5,5)]/(180)StemElement(1,2.09231,0.35858,0.35858)
[/(5)LeafElement(1,13.7,13.7,0.75,1.74028e-008,0.2,6,6)LeafElement(1,13.7,13.7,0.75,0.2,0.4,6,6)LeafElement(1,13.7,13.7,0.75,0.4,0.6,6,6)LeafElement(1,13.7,13.7,0.75,0.6,0.8,6,6)LeafElement(1,13.7,13.7,0.75,0.8,1,6,6)]/(180)StemElement(1,3.03896,0.35858,0.35858)
[/(5)LeafElement(1,16.55,16.55,1,0,0.2,7,7)LeafElement(1,16.55,16.55,1,0.2,0.4,7,7)LeafElement(1,16.55,16.55,1,0.4,0.6,7,7)LeafElement(1,16.55,16.55,1,0.6,0.8,7,7)LeafElement(1,16.55,16.55,1,0.8,1,7,7)]/(180)[/(5)LeafElement(1,19.8,8.71315,1.2,-2.73631e-008,0.091029,8,8)LeafElement(1,19.8,8.71315,1.2,0.0910289,0.545514,8,8)LeafElement(1,19.8,8.71315,1.2,0.545514,1,8,8)]/(180)/(180)/(180)