newPlant
newAxe
/(180)[+(45)newAxe
/(180)newMetamer
[/(5)LeafElement(1,6.35,6.05836,0.2625,0,0.161489,1,1)LeafElement(1,6.35,6.05836,0.2625,0.161489,0.371117,1,1)LeafElement(1,6.35,6.05836,0.2625,0.371117,0.580745,1,1)LeafElement(1,6.35,6.05836,0.2625,0.580745,0.790372,1,1)LeafElement(1,6.35,6.05836,0.2625,0.790372,1,1,1)]/(180)[/(5)LeafElement(1,9.5,2.89411,0.4,0,0.343494,2,2)LeafElement(1,9.5,2.89411,0.4,0.343494,1,2,2)]/(180)/(180)]
newMetamer
StemElement(1,1,0.297704,0.297704)
[/(5)LeafElement(1,8.125,8.125,0.3,0,0.2,1,1)LeafElement(1,8.125,8.125,0.3,0.2,0.4,1,1)LeafElement(1,8.125,8.125,0.3,0.4,0.6,1,1)LeafElement(1,8.125,8.125,0.3,0.6,0.8,1,1)LeafElement(1,8.125,8.125,0.3,0.8,1,1,1)]/(180)[+(45)newAxe
/(180)newMetamer
[/(5)LeafElement(1,7.825,3.64615,0.3,-3.26946e-008,0.14156,1,1)LeafElement(1,7.825,3.64615,0.3,0.14156,0.57078,1,1)LeafElement(1,7.825,3.64615,0.3,0.57078,1,1,1)]/(180)/(180)]
newMetamer
StemElement(1,0.0500002,0.297704,0.297704)
[/(5)LeafElement(1,9.25,9.25,0.325,1.28875e-008,0.2,2,2)LeafElement(1,9.25,9.25,0.325,0.2,0.4,2,2)LeafElement(1,9.25,9.25,0.325,0.4,0.6,2,2)LeafElement(1,9.25,9.25,0.325,0.6,0.8,2,2)LeafElement(1,9.25,9.25,0.325,0.8,1,2,2)]/(180)[+(45)newAxe
/(180)]
newMetamer
[/(5)LeafElement(1,9.35,9.35,0.4,2.54993e-008,0.2,3,3)LeafElement(1,9.35,9.35,0.4,0.2,0.4,3,3)LeafElement(1,9.35,9.35,0.4,0.4,0.6,3,3)LeafElement(1,9.35,9.35,0.4,0.6,0.8,3,3)LeafElement(1,9.35,9.35,0.4,0.8,1,3,3)]/(180)[/(5)LeafElement(1,10,8.83388,0.45,0,0.0943953,4,4)LeafElement(1,10,8.83388,0.45,0.0943953,0.320796,4,4)LeafElement(1,10,8.83388,0.45,0.320796,0.547198,4,4)LeafElement(1,10,8.83388,0.45,0.547198,0.773599,4,4)LeafElement(1,10,8.83388,0.45,0.773599,1,4,4)]/(180)[/(5)LeafElement(1,11.4,2.98496,0.55,0,0.236171,5,5)LeafElement(1,11.4,2.98496,0.55,0.236171,1,5,5)]/(180)/(180)/(180)/(180)/(180)