newPlant
newAxe
/(180)[+(45)newAxe
/(180)newMetamer
StemElement(1,1,0.277882,0.277882)
[/(5)LeafElement(1,6.35,6.35,0.2625,0,0.2,1,1)LeafElement(1,6.35,6.35,0.2625,0.2,0.4,1,1)LeafElement(1,6.35,6.35,0.2625,0.4,0.6,1,1)LeafElement(1,6.35,6.35,0.2625,0.6,0.8,1,1)LeafElement(1,6.35,6.35,0.2625,0.8,1,1,1)]/(180)[/(5)LeafElement(1,9.5,7.24699,0.4,-1.64495e-008,0.213466,2,2)LeafElement(1,9.5,7.24699,0.4,0.213466,0.475644,2,2)LeafElement(1,9.5,7.24699,0.4,0.475644,0.737822,2,2)LeafElement(1,9.5,7.24699,0.4,0.737822,1,2,2)]/(180)[/(5)LeafElement(1,13.1,2.04961,0.7,0,1,3,3)]/(180)/(180)/(180)]
newMetamer
StemElement(1,1,0.312096,0.312096)
[/(5)LeafElement(1,8.125,8.125,0.3,0,0.2,1,1)LeafElement(1,8.125,8.125,0.3,0.2,0.4,1,1)LeafElement(1,8.125,8.125,0.3,0.4,0.6,1,1)LeafElement(1,8.125,8.125,0.3,0.6,0.8,1,1)LeafElement(1,8.125,8.125,0.3,0.8,1,1,1)]/(180)[+(45)newAxe
/(180)newMetamer
StemElement(1,0.303319,0.273293,0.273293)
[/(5)LeafElement(1,7.825,7.825,0.3,0,0.2,1,1)LeafElement(1,7.825,7.825,0.3,0.2,0.4,1,1)LeafElement(1,7.825,7.825,0.3,0.4,0.6,1,1)LeafElement(1,7.825,7.825,0.3,0.6,0.8,1,1)LeafElement(1,7.825,7.825,0.3,0.8,1,1,1)]/(180)[/(5)LeafElement(1,11.65,4.85318,0.465,0,0.0398048,2,2)LeafElement(1,11.65,4.85318,0.465,0.0398048,0.519902,2,2)LeafElement(1,11.65,4.85318,0.465,0.519902,1,2,2)]/(180)/(180)/(180)]
newMetamer
StemElement(1,0.0500002,0.312096,0.312096)
[/(5)LeafElement(1,9.25,9.25,0.325,1.28875e-008,0.2,2,2)LeafElement(1,9.25,9.25,0.325,0.2,0.4,2,2)LeafElement(1,9.25,9.25,0.325,0.4,0.6,2,2)LeafElement(1,9.25,9.25,0.325,0.6,0.8,2,2)LeafElement(1,9.25,9.25,0.325,0.8,1,2,2)]/(180)[+(45)newAxe
/(180)newMetamer
[/(5)LeafElement(1,8.825,3.09151,0.35,0,0.429081,1,1)LeafElement(1,8.825,3.09151,0.35,0.429081,1,1,1)]/(180)/(180)]
newMetamer
[/(5)LeafElement(1,9.35,9.35,0.4,2.54993e-008,0.2,3,3)LeafElement(1,9.35,9.35,0.4,0.2,0.4,3,3)LeafElement(1,9.35,9.35,0.4,0.4,0.6,3,3)LeafElement(1,9.35,9.35,0.4,0.6,0.8,3,3)LeafElement(1,9.35,9.35,0.4,0.8,1,3,3)]/(180)StemElement(1,0.349999,0.312096,0.312096)
[/(5)LeafElement(1,10,10,0.45,0,0.2,4,4)LeafElement(1,10,10,0.45,0.2,0.4,4,4)LeafElement(1,10,10,0.45,0.4,0.6,4,4)LeafElement(1,10,10,0.45,0.6,0.8,4,4)LeafElement(1,10,10,0.45,0.8,1,4,4)]/(180)[/(5)LeafElement(1,11.4,8.80907,0.55,2.70651e-008,0.223528,5,5)LeafElement(1,11.4,8.80907,0.55,0.223528,0.482352,5,5)LeafElement(1,11.4,8.80907,0.55,0.482352,0.741176,5,5)LeafElement(1,11.4,8.80907,0.55,0.741176,1,5,5)]/(180)[/(5)LeafElement(1,13.7,2.23146,0.75,0,1,6,6)]/(180)/(180)/(180)/(180)/(180)