newPlant
newAxe
/(180)[+(45)newAxe
/(180)newMetamer
StemElement(1,1,0.275679,0.275679)
[/(5)LeafElement(1,6.35,6.35,0.2625,0,0.2,1,1)LeafElement(1,6.35,6.35,0.2625,0.2,0.4,1,1)LeafElement(1,6.35,6.35,0.2625,0.4,0.6,1,1)LeafElement(1,6.35,6.35,0.2625,0.6,0.8,1,1)LeafElement(1,6.35,6.35,0.2625,0.8,1,1,1)]/(180)[/(5)LeafElement(1,9.5,6.65117,0.4,-1.79231e-008,0.143008,2,2)LeafElement(1,9.5,6.65117,0.4,0.143008,0.428672,2,2)LeafElement(1,9.5,6.65117,0.4,0.428672,0.714336,2,2)LeafElement(1,9.5,6.65117,0.4,0.714336,1,2,2)]/(180)[/(5)LeafElement(1,13.1,1.18617,0.7,0,1,3,3)]/(180)/(180)/(180)]
newMetamer
StemElement(1,1,0.310494,0.310494)
[/(5)LeafElement(1,8.125,8.125,0.3,0,0.2,1,1)LeafElement(1,8.125,8.125,0.3,0.2,0.4,1,1)LeafElement(1,8.125,8.125,0.3,0.4,0.6,1,1)LeafElement(1,8.125,8.125,0.3,0.6,0.8,1,1)LeafElement(1,8.125,8.125,0.3,0.8,1,1,1)]/(180)[+(45)newAxe
/(180)newMetamer
[/(5)LeafElement(1,7.825,7.62942,0.3,-1.5625e-008,0.179492,1,1)LeafElement(1,7.825,7.62942,0.3,0.179492,0.384619,1,1)LeafElement(1,7.825,7.62942,0.3,0.384619,0.589746,1,1)LeafElement(1,7.825,7.62942,0.3,0.589746,0.794873,1,1)LeafElement(1,7.825,7.62942,0.3,0.794873,1,1,1)]/(180)[/(5)LeafElement(1,11.65,4.412,0.465,0,0.471895,2,2)LeafElement(1,11.65,4.412,0.465,0.471895,1,2,2)]/(180)/(180)]
newMetamer
StemElement(1,0.0500002,0.310494,0.310494)
[/(5)LeafElement(1,9.25,9.25,0.325,1.28875e-008,0.2,2,2)LeafElement(1,9.25,9.25,0.325,0.2,0.4,2,2)LeafElement(1,9.25,9.25,0.325,0.4,0.6,2,2)LeafElement(1,9.25,9.25,0.325,0.6,0.8,2,2)LeafElement(1,9.25,9.25,0.325,0.8,1,2,2)]/(180)[+(45)newAxe
/(180)newMetamer
[/(5)LeafElement(1,8.825,2.53093,0.35,0,0.302628,1,1)LeafElement(1,8.825,2.53093,0.35,0.302628,1,1,1)]/(180)]
newMetamer
[/(5)LeafElement(1,9.35,9.35,0.4,2.54993e-008,0.2,3,3)LeafElement(1,9.35,9.35,0.4,0.2,0.4,3,3)LeafElement(1,9.35,9.35,0.4,0.4,0.6,3,3)LeafElement(1,9.35,9.35,0.4,0.6,0.8,3,3)LeafElement(1,9.35,9.35,0.4,0.8,1,3,3)]/(180)StemElement(1,0.349999,0.310494,0.310494)
[/(5)LeafElement(1,10,10,0.45,0,0.2,4,4)LeafElement(1,10,10,0.45,0.2,0.4,4,4)LeafElement(1,10,10,0.45,0.4,0.6,4,4)LeafElement(1,10,10,0.45,0.6,0.8,4,4)LeafElement(1,10,10,0.45,0.8,1,4,4)]/(180)[/(5)LeafElement(1,11.4,8.12185,0.55,2.93552e-008,0.157827,5,5)LeafElement(1,11.4,8.12185,0.55,0.157827,0.438551,5,5)LeafElement(1,11.4,8.12185,0.55,0.438551,0.719276,5,5)LeafElement(1,11.4,8.12185,0.55,0.719276,1,5,5)]/(180)[/(5)LeafElement(1,13.7,1.35371,0.75,0,1,6,6)]/(180)/(180)/(180)/(180)/(180)