newPlant
newAxe
/(180)[+(45)newAxe
]
newMetamer
StemElement(1,1,0.264521,0.264521)
[/(5)LeafElement(1,8.125,8.125,0.3,0,0.2,1,1)LeafElement(1,8.125,8.125,0.3,0.2,0.4,1,1)LeafElement(1,8.125,8.125,0.3,0.4,0.6,1,1)LeafElement(1,8.125,8.125,0.3,0.6,0.8,1,1)LeafElement(1,8.125,8.125,0.3,0.8,1,1,1)]/(180)[+(45)newAxe
]
newMetamer
[/(5)LeafElement(1,9.25,8.98435,0.325,1.32686e-008,0.176345,2,2)LeafElement(1,9.25,8.98435,0.325,0.176345,0.382259,2,2)LeafElement(1,9.25,8.98435,0.325,0.382259,0.588173,2,2)LeafElement(1,9.25,8.98435,0.325,0.588173,0.794086,2,2)LeafElement(1,9.25,8.98435,0.325,0.794086,1,2,2)]/(180)[+(45)newAxe
]
newMetamer
[/(5)LeafElement(1,9.35,2.88178,0.4,0,0.351095,3,3)LeafElement(1,9.35,2.88178,0.4,0.351095,1,3,3)]/(180)/(180)/(180)/(180)