newPlant
newAxe
/(180)[+(45)newAxe
/(180)newMetamer
StemElement(1,1,0.295973,0.295973)
[/(5)LeafElement(1,6.35,6.35,0.2625,0,0.2,1,1)LeafElement(1,6.35,6.35,0.2625,0.2,0.4,1,1)LeafElement(1,6.35,6.35,0.2625,0.4,0.6,1,1)LeafElement(1,6.35,6.35,0.2625,0.6,0.8,1,1)LeafElement(1,6.35,6.35,0.2625,0.8,1,1,1)]/(180)StemElement(1,1.025,0.295973,0.295973)
[/(5)LeafElement(1,9.5,9.5,0.4,0,0.2,2,2)LeafElement(1,9.5,9.5,0.4,0.2,0.4,2,2)LeafElement(1,9.5,9.5,0.4,0.4,0.6,2,2)LeafElement(1,9.5,9.5,0.4,0.6,0.8,2,2)LeafElement(1,9.5,9.5,0.4,0.8,1,2,2)]/(180)[/(5)LeafElement(1,13.1,8.11625,0.7,2.93755e-008,0.0315721,3,3)LeafElement(1,13.1,8.11625,0.7,0.0315721,0.354381,3,3)LeafElement(1,13.1,8.11625,0.7,0.354381,0.677191,3,3)LeafElement(1,13.1,8.11625,0.7,0.677191,1,3,3)]/(180)/(180)/(180)/(180)]
newMetamer
StemElement(1,1,0.325253,0.325253)
[/(5)LeafElement(1,8.125,8.125,0.3,0,0.2,1,1)LeafElement(1,8.125,8.125,0.3,0.2,0.4,1,1)LeafElement(1,8.125,8.125,0.3,0.4,0.6,1,1)LeafElement(1,8.125,8.125,0.3,0.6,0.8,1,1)LeafElement(1,8.125,8.125,0.3,0.8,1,1,1)]/(180)[+(45)newAxe
/(180)newMetamer
StemElement(1,0.5,0.293969,0.293969)
[/(5)LeafElement(1,7.825,7.825,0.3,0,0.2,1,1)LeafElement(1,7.825,7.825,0.3,0.2,0.4,1,1)LeafElement(1,7.825,7.825,0.3,0.4,0.6,1,1)LeafElement(1,7.825,7.825,0.3,0.6,0.8,1,1)LeafElement(1,7.825,7.825,0.3,0.8,1,1,1)]/(180)[/(5)LeafElement(1,11.65,10.7712,0.465,0,0.134732,2,2)LeafElement(1,11.65,10.7712,0.465,0.134732,0.351049,2,2)LeafElement(1,11.65,10.7712,0.465,0.351049,0.567366,2,2)LeafElement(1,11.65,10.7712,0.465,0.567366,0.783683,2,2)LeafElement(1,11.65,10.7712,0.465,0.783683,1,2,2)]/(180)[/(5)LeafElement(1,15.175,4.82711,0.715,0,0.37126,3,3)LeafElement(1,15.175,4.82711,0.715,0.37126,1,3,3)]/(180)/(180)/(180)]
newMetamer
StemElement(1,0.0500002,0.325253,0.325253)
[/(5)LeafElement(1,9.25,9.25,0.325,1.28875e-008,0.2,2,2)LeafElement(1,9.25,9.25,0.325,0.2,0.4,2,2)LeafElement(1,9.25,9.25,0.325,0.4,0.6,2,2)LeafElement(1,9.25,9.25,0.325,0.6,0.8,2,2)LeafElement(1,9.25,9.25,0.325,0.8,1,2,2)]/(180)[+(45)newAxe
/(180)newMetamer
[/(5)LeafElement(1,8.825,7.69564,0.35,1.54905e-008,0.0825979,1,1)LeafElement(1,8.825,7.69564,0.35,0.0825978,0.311948,1,1)LeafElement(1,8.825,7.69564,0.35,0.311948,0.541299,1,1)LeafElement(1,8.825,7.69564,0.35,0.541299,0.770649,1,1)LeafElement(1,8.825,7.69564,0.35,0.770649,1,1,1)]/(180)[/(5)LeafElement(1,12,3.18457,0.5,0,0.246366,2,2)LeafElement(1,12,3.18457,0.5,0.246366,1,2,2)]/(180)/(180)]
newMetamer
[/(5)LeafElement(1,9.35,9.35,0.4,2.54993e-008,0.2,3,3)LeafElement(1,9.35,9.35,0.4,0.2,0.4,3,3)LeafElement(1,9.35,9.35,0.4,0.4,0.6,3,3)LeafElement(1,9.35,9.35,0.4,0.6,0.8,3,3)LeafElement(1,9.35,9.35,0.4,0.8,1,3,3)]/(180)StemElement(1,0.349999,0.325253,0.325253)
[/(5)LeafElement(1,10,10,0.45,0,0.2,4,4)LeafElement(1,10,10,0.45,0.2,0.4,4,4)LeafElement(1,10,10,0.45,0.4,0.6,4,4)LeafElement(1,10,10,0.45,0.6,0.8,4,4)LeafElement(1,10,10,0.45,0.8,1,4,4)]/(180)StemElement(1,0.8,0.325253,0.325253)
[/(5)LeafElement(1,11.4,11.4,0.55,2.09139e-008,0.2,5,5)LeafElement(1,11.4,11.4,0.55,0.2,0.4,5,5)LeafElement(1,11.4,11.4,0.55,0.4,0.6,5,5)LeafElement(1,11.4,11.4,0.55,0.6,0.8,5,5)LeafElement(1,11.4,11.4,0.55,0.8,1,5,5)]/(180)[/(5)LeafElement(1,13.7,8.64069,0.75,2.75925e-008,0.0486874,6,6)LeafElement(1,13.7,8.64069,0.75,0.0486874,0.365792,6,6)LeafElement(1,13.7,8.64069,0.75,0.365792,0.682896,6,6)LeafElement(1,13.7,8.64069,0.75,0.682896,1,6,6)]/(180)/(180)/(180)/(180)/(180)