newPlant
newAxe
/(180)[+(45)newAxe
/(180)newMetamer
[/(5)LeafElement(1,6.35,1.25833,0.2625,0,1,1,1)]/(180)]
newMetamer
StemElement(1,1,0.279036,0.279036)
[/(5)LeafElement(1,8.125,8.125,0.3,0,0.2,1,1)LeafElement(1,8.125,8.125,0.3,0.2,0.4,1,1)LeafElement(1,8.125,8.125,0.3,0.4,0.6,1,1)LeafElement(1,8.125,8.125,0.3,0.6,0.8,1,1)LeafElement(1,8.125,8.125,0.3,0.8,1,1,1)]/(180)[+(45)newAxe
/(180)]
newMetamer
StemElement(1,0.0500002,0.279036,0.279036)
[/(5)LeafElement(1,9.25,9.25,0.325,1.28875e-008,0.2,2,2)LeafElement(1,9.25,9.25,0.325,0.2,0.4,2,2)LeafElement(1,9.25,9.25,0.325,0.4,0.6,2,2)LeafElement(1,9.25,9.25,0.325,0.6,0.8,2,2)LeafElement(1,9.25,9.25,0.325,0.8,1,2,2)]/(180)[+(45)newAxe
]
newMetamer
[/(5)LeafElement(1,9.35,7.78121,0.4,3.06403e-008,0.0387101,3,3)LeafElement(1,9.35,7.78121,0.4,0.0387101,0.279033,3,3)LeafElement(1,9.35,7.78121,0.4,0.279033,0.519355,3,3)LeafElement(1,9.35,7.78121,0.4,0.519355,0.759678,3,3)LeafElement(1,9.35,7.78121,0.4,0.759678,1,3,3)]/(180)[/(5)LeafElement(1,10,1.9547,0.45,0,1,4,4)]/(180)/(180)/(180)/(180)