newPlant
newAxe
/(180)[+(45)newAxe
/(180)newMetamer
StemElement(1,1,0.30589,0.30589)
[/(5)LeafElement(1,6.35,6.35,0.2625,0,0.2,1,1)LeafElement(1,6.35,6.35,0.2625,0.2,0.4,1,1)LeafElement(1,6.35,6.35,0.2625,0.4,0.6,1,1)LeafElement(1,6.35,6.35,0.2625,0.6,0.8,1,1)LeafElement(1,6.35,6.35,0.2625,0.8,1,1,1)]/(180)StemElement(1,1.025,0.30589,0.30589)
[/(5)LeafElement(1,9.5,9.5,0.4,0,0.2,2,2)LeafElement(1,9.5,9.5,0.4,0.2,0.4,2,2)LeafElement(1,9.5,9.5,0.4,0.4,0.6,2,2)LeafElement(1,9.5,9.5,0.4,0.6,0.8,2,2)LeafElement(1,9.5,9.5,0.4,0.8,1,2,2)]/(180)[/(5)LeafElement(1,13.1,12.004,0.7,1.98617e-008,0.126954,3,3)LeafElement(1,13.1,12.004,0.7,0.126954,0.345216,3,3)LeafElement(1,13.1,12.004,0.7,0.345216,0.563477,3,3)LeafElement(1,13.1,12.004,0.7,0.563477,0.781739,3,3)LeafElement(1,13.1,12.004,0.7,0.781739,1,3,3)]/(180)[/(5)LeafElement(1,17.125,4.65898,0.825,0,0.264861,4,4)LeafElement(1,17.125,4.65898,0.825,0.264861,1,4,4)]/(180)/(180)/(180)/(180)]
newMetamer
StemElement(1,1,0.332466,0.332466)
[/(5)LeafElement(1,8.125,8.125,0.3,0,0.2,1,1)LeafElement(1,8.125,8.125,0.3,0.2,0.4,1,1)LeafElement(1,8.125,8.125,0.3,0.4,0.6,1,1)LeafElement(1,8.125,8.125,0.3,0.6,0.8,1,1)LeafElement(1,8.125,8.125,0.3,0.8,1,1,1)]/(180)[+(45)newAxe
/(180)newMetamer
StemElement(1,0.5,0.305303,0.305303)
[/(5)LeafElement(1,7.825,7.825,0.3,0,0.2,1,1)LeafElement(1,7.825,7.825,0.3,0.2,0.4,1,1)LeafElement(1,7.825,7.825,0.3,0.4,0.6,1,1)LeafElement(1,7.825,7.825,0.3,0.6,0.8,1,1)LeafElement(1,7.825,7.825,0.3,0.8,1,1,1)]/(180)StemElement(1,1.75514,0.305303,0.305303)
[/(5)LeafElement(1,11.65,11.65,0.465,0,0.2,2,2)LeafElement(1,11.65,11.65,0.465,0.2,0.4,2,2)LeafElement(1,11.65,11.65,0.465,0.4,0.6,2,2)LeafElement(1,11.65,11.65,0.465,0.6,0.8,2,2)LeafElement(1,11.65,11.65,0.465,0.8,1,2,2)]/(180)[/(5)LeafElement(1,15.175,7.87228,0.715,3.02858e-008,0.22894,3,3)LeafElement(1,15.175,7.87228,0.715,0.22894,0.61447,3,3)LeafElement(1,15.175,7.87228,0.715,0.61447,1,3,3)]/(180)/(180)/(180)/(180)]
newMetamer
StemElement(1,0.0500002,0.332466,0.332466)
[/(5)LeafElement(1,9.25,9.25,0.325,1.28875e-008,0.2,2,2)LeafElement(1,9.25,9.25,0.325,0.2,0.4,2,2)LeafElement(1,9.25,9.25,0.325,0.4,0.6,2,2)LeafElement(1,9.25,9.25,0.325,0.6,0.8,2,2)LeafElement(1,9.25,9.25,0.325,0.8,1,2,2)]/(180)[+(45)newAxe
/(180)newMetamer
StemElement(1,0.85,0.276732,0.276732)
[/(5)LeafElement(1,8.825,8.825,0.35,1.35081e-008,0.2,1,1)LeafElement(1,8.825,8.825,0.35,0.2,0.4,1,1)LeafElement(1,8.825,8.825,0.35,0.4,0.6,1,1)LeafElement(1,8.825,8.825,0.35,0.6,0.8,1,1)LeafElement(1,8.825,8.825,0.35,0.8,1,1,1)]/(180)[/(5)LeafElement(1,12,5.92475,0.5,0,0.189839,2,2)LeafElement(1,12,5.92475,0.5,0.189839,0.594919,2,2)LeafElement(1,12,5.92475,0.5,0.594919,1,2,2)]/(180)/(180)/(180)]
newMetamer
[/(5)LeafElement(1,9.35,9.35,0.4,2.54993e-008,0.2,3,3)LeafElement(1,9.35,9.35,0.4,0.2,0.4,3,3)LeafElement(1,9.35,9.35,0.4,0.4,0.6,3,3)LeafElement(1,9.35,9.35,0.4,0.6,0.8,3,3)LeafElement(1,9.35,9.35,0.4,0.8,1,3,3)]/(180)StemElement(1,0.349999,0.332466,0.332466)
[/(5)LeafElement(1,10,10,0.45,0,0.2,4,4)LeafElement(1,10,10,0.45,0.2,0.4,4,4)LeafElement(1,10,10,0.45,0.4,0.6,4,4)LeafElement(1,10,10,0.45,0.6,0.8,4,4)LeafElement(1,10,10,0.45,0.8,1,4,4)]/(180)StemElement(1,0.8,0.332466,0.332466)
[/(5)LeafElement(1,11.4,11.4,0.55,2.09139e-008,0.2,5,5)LeafElement(1,11.4,11.4,0.55,0.2,0.4,5,5)LeafElement(1,11.4,11.4,0.55,0.4,0.6,5,5)LeafElement(1,11.4,11.4,0.55,0.6,0.8,5,5)LeafElement(1,11.4,11.4,0.55,0.8,1,5,5)]/(180)[/(5)LeafElement(1,13.7,12.5929,0.75,1.89328e-008,0.129666,6,6)LeafElement(1,13.7,12.5929,0.75,0.129666,0.347249,6,6)LeafElement(1,13.7,12.5929,0.75,0.347249,0.564833,6,6)LeafElement(1,13.7,12.5929,0.75,0.564833,0.782416,6,6)LeafElement(1,13.7,12.5929,0.75,0.782416,1,6,6)]/(180)[/(5)LeafElement(1,16.55,4.60148,1,0,0.280667,7,7)LeafElement(1,16.55,4.60148,1,0.280667,1,7,7)]/(180)/(180)/(180)/(180)