newPlant
newAxe
/(180)[+(45)newAxe
]
newMetamer
StemElement(1,1,0.258366,0.258366)
[/(5)LeafElement(1,8.125,8.125,0.3,0,0.2,1,1)LeafElement(1,8.125,8.125,0.3,0.2,0.4,1,1)LeafElement(1,8.125,8.125,0.3,0.4,0.6,1,1)LeafElement(1,8.125,8.125,0.3,0.6,0.8,1,1)LeafElement(1,8.125,8.125,0.3,0.8,1,1,1)]/(180)[+(45)newAxe
]
newMetamer
[/(5)LeafElement(1,9.25,6.9022,0.325,1.72712e-008,0.195909,2,2)LeafElement(1,9.25,6.9022,0.325,0.195908,0.463939,2,2)LeafElement(1,9.25,6.9022,0.325,0.463939,0.73197,2,2)LeafElement(1,9.25,6.9022,0.325,0.73197,1,2,2)]/(180)[+(45)newAxe
]
newMetamer
[/(5)LeafElement(1,9.35,0.782705,0.4,0,1,3,3)]/(180)/(180)/(180)