newPlant
newAxe
/(180)[+(45)newAxe
]
newMetamer
StemElement(1,1,0.260329,0.260329)
[/(5)LeafElement(1,8.125,8.125,0.3,0,0.2,1,1)LeafElement(1,8.125,8.125,0.3,0.2,0.4,1,1)LeafElement(1,8.125,8.125,0.3,0.4,0.6,1,1)LeafElement(1,8.125,8.125,0.3,0.6,0.8,1,1)LeafElement(1,8.125,8.125,0.3,0.8,1,1,1)]/(180)[+(45)newAxe
]
newMetamer
[/(5)LeafElement(1,9.25,7.56612,0.325,1.57557e-008,0.0219555,2,2)LeafElement(1,9.25,7.56612,0.325,0.0219555,0.266467,2,2)LeafElement(1,9.25,7.56612,0.325,0.266467,0.510978,2,2)LeafElement(1,9.25,7.56612,0.325,0.510978,0.755489,2,2)LeafElement(1,9.25,7.56612,0.325,0.755489,1,2,2)]/(180)[+(45)newAxe
]
newMetamer
[/(5)LeafElement(1,9.35,1.45202,0.4,0,1,3,3)]/(180)/(180)/(180)