newPlant
newAxe
/(180)[+(45)newAxe
/(180)newMetamer
StemElement(1,0.29114,0.261209,0.261209)
[/(5)LeafElement(1,6.35,6.35,0.2625,0,0.2,1,1)LeafElement(1,6.35,6.35,0.2625,0.2,0.4,1,1)LeafElement(1,6.35,6.35,0.2625,0.4,0.6,1,1)LeafElement(1,6.35,6.35,0.2625,0.6,0.8,1,1)LeafElement(1,6.35,6.35,0.2625,0.8,1,1,1)]/(180)[/(5)LeafElement(1,9.5,3.44598,0.4,0,0.448632,2,2)LeafElement(1,9.5,3.44598,0.4,0.448632,1,2,2)]/(180)/(180)]
newMetamer
StemElement(1,1,0.29997,0.29997)
[/(5)LeafElement(1,8.125,8.125,0.3,0,0.2,1,1)LeafElement(1,8.125,8.125,0.3,0.2,0.4,1,1)LeafElement(1,8.125,8.125,0.3,0.4,0.6,1,1)LeafElement(1,8.125,8.125,0.3,0.6,0.8,1,1)LeafElement(1,8.125,8.125,0.3,0.8,1,1,1)]/(180)[+(45)newAxe
/(180)newMetamer
[/(5)LeafElement(1,7.825,4.35203,0.3,-2.73916e-008,0.280796,1,1)LeafElement(1,7.825,4.35203,0.3,0.280796,0.640398,1,1)LeafElement(1,7.825,4.35203,0.3,0.640398,1,1,1)]/(180)/(180)]
newMetamer
StemElement(1,0.0500002,0.29997,0.29997)
[/(5)LeafElement(1,9.25,9.25,0.325,1.28875e-008,0.2,2,2)LeafElement(1,9.25,9.25,0.325,0.2,0.4,2,2)LeafElement(1,9.25,9.25,0.325,0.4,0.6,2,2)LeafElement(1,9.25,9.25,0.325,0.6,0.8,2,2)LeafElement(1,9.25,9.25,0.325,0.8,1,2,2)]/(180)[+(45)newAxe
/(180)]
newMetamer
[/(5)LeafElement(1,9.35,9.35,0.4,2.54993e-008,0.2,3,3)LeafElement(1,9.35,9.35,0.4,0.2,0.4,3,3)LeafElement(1,9.35,9.35,0.4,0.4,0.6,3,3)LeafElement(1,9.35,9.35,0.4,0.6,0.8,3,3)LeafElement(1,9.35,9.35,0.4,0.8,1,3,3)]/(180)[/(5)LeafElement(1,10,9.66909,0.45,0,0.172621,4,4)LeafElement(1,10,9.66909,0.45,0.172621,0.379466,4,4)LeafElement(1,10,9.66909,0.45,0.379466,0.586311,4,4)LeafElement(1,10,9.66909,0.45,0.586311,0.793155,4,4)LeafElement(1,10,9.66909,0.45,0.793155,1,4,4)]/(180)[/(5)LeafElement(1,11.4,3.9573,0.55,0,0.42385,5,5)LeafElement(1,11.4,3.9573,0.55,0.42385,1,5,5)]/(180)/(180)/(180)/(180)/(180)