newPlant
newAxe
/(180)[+(45)newAxe
/(180)newMetamer
StemElement(1,1,0.298207,0.298207)
[/(5)LeafElement(1,6.35,6.35,0.2625,0,0.2,1,1)LeafElement(1,6.35,6.35,0.2625,0.2,0.4,1,1)LeafElement(1,6.35,6.35,0.2625,0.4,0.6,1,1)LeafElement(1,6.35,6.35,0.2625,0.6,0.8,1,1)LeafElement(1,6.35,6.35,0.2625,0.8,1,1,1)]/(180)StemElement(1,1.025,0.298207,0.298207)
[/(5)LeafElement(1,9.5,9.5,0.4,0,0.2,2,2)LeafElement(1,9.5,9.5,0.4,0.2,0.4,2,2)LeafElement(1,9.5,9.5,0.4,0.4,0.6,2,2)LeafElement(1,9.5,9.5,0.4,0.6,0.8,2,2)LeafElement(1,9.5,9.5,0.4,0.8,1,2,2)]/(180)[/(5)LeafElement(1,13.1,8.99231,0.7,2.65136e-008,0.12592,3,3)LeafElement(1,13.1,8.99231,0.7,0.12592,0.41728,3,3)LeafElement(1,13.1,8.99231,0.7,0.41728,0.70864,3,3)LeafElement(1,13.1,8.99231,0.7,0.70864,1,3,3)]/(180)[/(5)LeafElement(1,17.125,0.460362,0.825,0,1,4,4)]/(180)/(180)/(180)]
newMetamer
StemElement(1,1,0.326878,0.326878)
[/(5)LeafElement(1,8.125,8.125,0.3,0,0.2,1,1)LeafElement(1,8.125,8.125,0.3,0.2,0.4,1,1)LeafElement(1,8.125,8.125,0.3,0.4,0.6,1,1)LeafElement(1,8.125,8.125,0.3,0.6,0.8,1,1)LeafElement(1,8.125,8.125,0.3,0.8,1,1,1)]/(180)[+(45)newAxe
/(180)newMetamer
StemElement(1,0.5,0.296523,0.296523)
[/(5)LeafElement(1,7.825,7.825,0.3,0,0.2,1,1)LeafElement(1,7.825,7.825,0.3,0.2,0.4,1,1)LeafElement(1,7.825,7.825,0.3,0.4,0.6,1,1)LeafElement(1,7.825,7.825,0.3,0.6,0.8,1,1)LeafElement(1,7.825,7.825,0.3,0.8,1,1,1)]/(180)[/(5)LeafElement(1,11.65,11.5266,0.465,0,0.191436,2,2)LeafElement(1,11.65,11.5266,0.465,0.191436,0.393577,2,2)LeafElement(1,11.65,11.5266,0.465,0.393577,0.595718,2,2)LeafElement(1,11.65,11.5266,0.465,0.595718,0.797859,2,2)LeafElement(1,11.65,11.5266,0.465,0.797859,1,2,2)]/(180)[/(5)LeafElement(1,15.175,5.90767,0.715,0,0.486261,3,3)LeafElement(1,15.175,5.90767,0.715,0.486261,1,3,3)]/(180)/(180)/(180)]
newMetamer
StemElement(1,0.0500002,0.326878,0.326878)
[/(5)LeafElement(1,9.25,9.25,0.325,1.28875e-008,0.2,2,2)LeafElement(1,9.25,9.25,0.325,0.2,0.4,2,2)LeafElement(1,9.25,9.25,0.325,0.4,0.6,2,2)LeafElement(1,9.25,9.25,0.325,0.6,0.8,2,2)LeafElement(1,9.25,9.25,0.325,0.8,1,2,2)]/(180)[+(45)newAxe
/(180)newMetamer
[/(5)LeafElement(1,8.825,8.26442,0.35,1.44244e-008,0.145735,1,1)LeafElement(1,8.825,8.26442,0.35,0.145735,0.359301,1,1)LeafElement(1,8.825,8.26442,0.35,0.359301,0.572868,1,1)LeafElement(1,8.825,8.26442,0.35,0.572868,0.786434,1,1)LeafElement(1,8.825,8.26442,0.35,0.786434,1,1,1)]/(180)[/(5)LeafElement(1,12,3.99359,0.5,0,0.399037,2,2)LeafElement(1,12,3.99359,0.5,0.399037,1,2,2)]/(180)/(180)]
newMetamer
[/(5)LeafElement(1,9.35,9.35,0.4,2.54993e-008,0.2,3,3)LeafElement(1,9.35,9.35,0.4,0.2,0.4,3,3)LeafElement(1,9.35,9.35,0.4,0.4,0.6,3,3)LeafElement(1,9.35,9.35,0.4,0.6,0.8,3,3)LeafElement(1,9.35,9.35,0.4,0.8,1,3,3)]/(180)StemElement(1,0.349999,0.326878,0.326878)
[/(5)LeafElement(1,10,10,0.45,0,0.2,4,4)LeafElement(1,10,10,0.45,0.2,0.4,4,4)LeafElement(1,10,10,0.45,0.4,0.6,4,4)LeafElement(1,10,10,0.45,0.6,0.8,4,4)LeafElement(1,10,10,0.45,0.8,1,4,4)]/(180)StemElement(1,0.8,0.326878,0.326878)
[/(5)LeafElement(1,11.4,11.4,0.55,2.09139e-008,0.2,5,5)LeafElement(1,11.4,11.4,0.55,0.2,0.4,5,5)LeafElement(1,11.4,11.4,0.55,0.4,0.6,5,5)LeafElement(1,11.4,11.4,0.55,0.6,0.8,5,5)LeafElement(1,11.4,11.4,0.55,0.8,1,5,5)]/(180)[/(5)LeafElement(1,13.7,9.53129,0.75,2.50143e-008,0.137577,6,6)LeafElement(1,13.7,9.53129,0.75,0.137577,0.425051,6,6)LeafElement(1,13.7,9.53129,0.75,0.425051,0.712526,6,6)LeafElement(1,13.7,9.53129,0.75,0.712526,1,6,6)]/(180)[/(5)LeafElement(1,16.55,0.656391,1,0,1,7,7)]/(180)/(180)/(180)/(180)