newPlant
newAxe
/(180)[+(45)newAxe
/(180)newMetamer
StemElement(1,1,0.282827,0.282827)
[/(5)LeafElement(1,6.35,6.35,0.2625,0,0.2,1,1)LeafElement(1,6.35,6.35,0.2625,0.2,0.4,1,1)LeafElement(1,6.35,6.35,0.2625,0.4,0.6,1,1)LeafElement(1,6.35,6.35,0.2625,0.6,0.8,1,1)LeafElement(1,6.35,6.35,0.2625,0.8,1,1,1)]/(180)[/(5)LeafElement(1,9.5,8.58463,0.4,-1.38864e-008,0.114697,2,2)LeafElement(1,9.5,8.58463,0.4,0.114697,0.336023,2,2)LeafElement(1,9.5,8.58463,0.4,0.336023,0.557348,2,2)LeafElement(1,9.5,8.58463,0.4,0.557348,0.778674,2,2)LeafElement(1,9.5,8.58463,0.4,0.778674,1,2,2)]/(180)[/(5)LeafElement(1,13.1,3.98808,0.7,0,0.343042,3,3)LeafElement(1,13.1,3.98808,0.7,0.343042,1,3,3)]/(180)/(180)/(180)]
newMetamer
StemElement(1,1,0.315692,0.315692)
[/(5)LeafElement(1,8.125,8.125,0.3,0,0.2,1,1)LeafElement(1,8.125,8.125,0.3,0.2,0.4,1,1)LeafElement(1,8.125,8.125,0.3,0.4,0.6,1,1)LeafElement(1,8.125,8.125,0.3,0.6,0.8,1,1)LeafElement(1,8.125,8.125,0.3,0.8,1,1,1)]/(180)[+(45)newAxe
/(180)newMetamer
StemElement(1,0.5,0.278945,0.278945)
[/(5)LeafElement(1,7.825,7.825,0.3,0,0.2,1,1)LeafElement(1,7.825,7.825,0.3,0.2,0.4,1,1)LeafElement(1,7.825,7.825,0.3,0.4,0.6,1,1)LeafElement(1,7.825,7.825,0.3,0.6,0.8,1,1)LeafElement(1,7.825,7.825,0.3,0.8,1,1,1)]/(180)[/(5)LeafElement(1,11.65,6.32793,0.465,0,0.263583,2,2)LeafElement(1,11.65,6.32793,0.465,0.263583,0.631791,2,2)LeafElement(1,11.65,6.32793,0.465,0.631791,1,2,2)]/(180)/(180)/(180)]
newMetamer
StemElement(1,0.0500002,0.315692,0.315692)
[/(5)LeafElement(1,9.25,9.25,0.325,1.28875e-008,0.2,2,2)LeafElement(1,9.25,9.25,0.325,0.2,0.4,2,2)LeafElement(1,9.25,9.25,0.325,0.4,0.6,2,2)LeafElement(1,9.25,9.25,0.325,0.6,0.8,2,2)LeafElement(1,9.25,9.25,0.325,0.8,1,2,2)]/(180)[+(45)newAxe
/(180)newMetamer
[/(5)LeafElement(1,8.825,4.35003,0.35,2.74043e-008,0.188511,1,1)LeafElement(1,8.825,4.35003,0.35,0.188511,0.594255,1,1)LeafElement(1,8.825,4.35003,0.35,0.594255,1,1,1)]/(180)/(180)]
newMetamer
[/(5)LeafElement(1,9.35,9.35,0.4,2.54993e-008,0.2,3,3)LeafElement(1,9.35,9.35,0.4,0.2,0.4,3,3)LeafElement(1,9.35,9.35,0.4,0.4,0.6,3,3)LeafElement(1,9.35,9.35,0.4,0.6,0.8,3,3)LeafElement(1,9.35,9.35,0.4,0.8,1,3,3)]/(180)StemElement(1,0.349999,0.315692,0.315692)
[/(5)LeafElement(1,10,10,0.45,0,0.2,4,4)LeafElement(1,10,10,0.45,0.2,0.4,4,4)LeafElement(1,10,10,0.45,0.4,0.6,4,4)LeafElement(1,10,10,0.45,0.6,0.8,4,4)LeafElement(1,10,10,0.45,0.8,1,4,4)]/(180)[/(5)LeafElement(1,11.4,10.3519,0.55,2.30313e-008,0.119006,5,5)LeafElement(1,11.4,10.3519,0.55,0.119006,0.339254,5,5)LeafElement(1,11.4,10.3519,0.55,0.339254,0.559503,5,5)LeafElement(1,11.4,10.3519,0.55,0.559503,0.779751,5,5)LeafElement(1,11.4,10.3519,0.55,0.779751,1,5,5)]/(180)[/(5)LeafElement(1,13.7,4.20208,0.75,0,0.347941,6,6)LeafElement(1,13.7,4.20208,0.75,0.347941,1,6,6)]/(180)/(180)/(180)/(180)/(180)