newPlant
newAxe
/(180)[+(45)newAxe
/(180)newMetamer
StemElement(1,1,0.33218,0.33218)
[/(5)LeafElement(1,6.35,6.35,0.2625,0,0.2,1,1)LeafElement(1,6.35,6.35,0.2625,0.2,0.4,1,1)LeafElement(1,6.35,6.35,0.2625,0.4,0.6,1,1)LeafElement(1,6.35,6.35,0.2625,0.6,0.8,1,1)LeafElement(1,6.35,6.35,0.2625,0.8,1,1,1)]/(180)StemElement(1,1.025,0.33218,0.33218)
[/(5)LeafElement(1,9.5,9.5,0.4,0,0.2,2,2)LeafElement(1,9.5,9.5,0.4,0.2,0.4,2,2)LeafElement(1,9.5,9.5,0.4,0.4,0.6,2,2)LeafElement(1,9.5,9.5,0.4,0.6,0.8,2,2)LeafElement(1,9.5,9.5,0.4,0.8,1,2,2)]/(180)StemElement(1,2.51623,0.33218,0.33218)
[/(5)LeafElement(1,13.1,13.1,0.7,1.81999e-008,0.2,3,3)LeafElement(1,13.1,13.1,0.7,0.2,0.4,3,3)LeafElement(1,13.1,13.1,0.7,0.4,0.6,3,3)LeafElement(1,13.1,13.1,0.7,0.6,0.8,3,3)LeafElement(1,13.1,13.1,0.7,0.8,1,3,3)]/(180)[/(5)LeafElement(1,17.125,16.5514,0.825,-1.44048e-008,0.172273,4,4)LeafElement(1,17.125,16.5514,0.825,0.172273,0.379205,4,4)LeafElement(1,17.125,16.5514,0.825,0.379205,0.586137,4,4)LeafElement(1,17.125,16.5514,0.825,0.586137,0.793068,4,4)LeafElement(1,17.125,16.5514,0.825,0.793068,1,4,4)]/(180)[/(5)LeafElement(1,21.45,4.8216,1.1,0,0.110255,5,5)LeafElement(1,21.45,4.8216,1.1,0.110255,1,5,5)]/(180)/(180)/(180)]
newMetamer
StemElement(1,1,0.351585,0.351585)
[/(5)LeafElement(1,8.125,8.125,0.3,0,0.2,1,1)LeafElement(1,8.125,8.125,0.3,0.2,0.4,1,1)LeafElement(1,8.125,8.125,0.3,0.4,0.6,1,1)LeafElement(1,8.125,8.125,0.3,0.6,0.8,1,1)LeafElement(1,8.125,8.125,0.3,0.8,1,1,1)]/(180)[+(45)newAxe
/(180)newMetamer
StemElement(1,0.5,0.335349,0.335349)
[/(5)LeafElement(1,7.825,7.825,0.3,0,0.2,1,1)LeafElement(1,7.825,7.825,0.3,0.2,0.4,1,1)LeafElement(1,7.825,7.825,0.3,0.4,0.6,1,1)LeafElement(1,7.825,7.825,0.3,0.6,0.8,1,1)LeafElement(1,7.825,7.825,0.3,0.8,1,1,1)]/(180)StemElement(1,1.81823,0.335349,0.335349)
[/(5)LeafElement(1,11.65,11.65,0.465,0,0.2,2,2)LeafElement(1,11.65,11.65,0.465,0.2,0.4,2,2)LeafElement(1,11.65,11.65,0.465,0.4,0.6,2,2)LeafElement(1,11.65,11.65,0.465,0.6,0.8,2,2)LeafElement(1,11.65,11.65,0.465,0.8,1,2,2)]/(180)StemElement(1,3.87759,0.335349,0.335349)
[/(5)LeafElement(1,15.175,15.175,0.715,1.57113e-008,0.2,3,3)LeafElement(1,15.175,15.175,0.715,0.2,0.4,3,3)LeafElement(1,15.175,15.175,0.715,0.4,0.6,3,3)LeafElement(1,15.175,15.175,0.715,0.6,0.8,3,3)LeafElement(1,15.175,15.175,0.715,0.8,1,3,3)]/(180)[/(5)LeafElement(1,19.85,8.65502,1,-2.75469e-008,0.0826132,4,4)LeafElement(1,19.85,8.65502,1,0.0826132,0.541307,4,4)LeafElement(1,19.85,8.65502,1,0.541307,1,4,4)]/(180)/(180)/(180)]
newMetamer
StemElement(1,0.0500002,0.351585,0.351585)
[/(5)LeafElement(1,9.25,9.25,0.325,1.28875e-008,0.2,2,2)LeafElement(1,9.25,9.25,0.325,0.2,0.4,2,2)LeafElement(1,9.25,9.25,0.325,0.4,0.6,2,2)LeafElement(1,9.25,9.25,0.325,0.6,0.8,2,2)LeafElement(1,9.25,9.25,0.325,0.8,1,2,2)]/(180)[+(45)newAxe
/(180)newMetamer
StemElement(1,0.85,0.306777,0.306777)
[/(5)LeafElement(1,8.825,8.825,0.35,1.35081e-008,0.2,1,1)LeafElement(1,8.825,8.825,0.35,0.2,0.4,1,1)LeafElement(1,8.825,8.825,0.35,0.4,0.6,1,1)LeafElement(1,8.825,8.825,0.35,0.6,0.8,1,1)LeafElement(1,8.825,8.825,0.35,0.8,1,1,1)]/(180)StemElement(1,2.20823,0.306777,0.306777)
[/(5)LeafElement(1,12,12,0.5,3.97364e-008,0.2,2,2)LeafElement(1,12,12,0.5,0.2,0.4,2,2)LeafElement(1,12,12,0.5,0.4,0.6,2,2)LeafElement(1,12,12,0.5,0.6,0.8,2,2)LeafElement(1,12,12,0.5,0.8,1,2,2)]/(180)[/(5)LeafElement(1,16.8125,8.86128,0.675,-2.69057e-008,0.24108,3,3)LeafElement(1,16.8125,8.86128,0.675,0.24108,0.62054,3,3)LeafElement(1,16.8125,8.86128,0.675,0.62054,1,3,3)]/(180)/(180)/(180)/(180)]
newMetamer
[/(5)LeafElement(1,9.35,9.35,0.4,2.54993e-008,0.2,3,3)LeafElement(1,9.35,9.35,0.4,0.2,0.4,3,3)LeafElement(1,9.35,9.35,0.4,0.4,0.6,3,3)LeafElement(1,9.35,9.35,0.4,0.6,0.8,3,3)LeafElement(1,9.35,9.35,0.4,0.8,1,3,3)]/(180)StemElement(1,0.349999,0.351585,0.351585)
[/(5)LeafElement(1,10,10,0.45,0,0.2,4,4)LeafElement(1,10,10,0.45,0.2,0.4,4,4)LeafElement(1,10,10,0.45,0.4,0.6,4,4)LeafElement(1,10,10,0.45,0.6,0.8,4,4)LeafElement(1,10,10,0.45,0.8,1,4,4)]/(180)StemElement(1,0.8,0.351585,0.351585)
[/(5)LeafElement(1,11.4,11.4,0.55,2.09139e-008,0.2,5,5)LeafElement(1,11.4,11.4,0.55,0.2,0.4,5,5)LeafElement(1,11.4,11.4,0.55,0.4,0.6,5,5)LeafElement(1,11.4,11.4,0.55,0.6,0.8,5,5)LeafElement(1,11.4,11.4,0.55,0.8,1,5,5)]/(180)StemElement(1,2.06923,0.351585,0.351585)
[/(5)LeafElement(1,13.7,13.7,0.75,1.74028e-008,0.2,6,6)LeafElement(1,13.7,13.7,0.75,0.2,0.4,6,6)LeafElement(1,13.7,13.7,0.75,0.4,0.6,6,6)LeafElement(1,13.7,13.7,0.75,0.6,0.8,6,6)LeafElement(1,13.7,13.7,0.75,0.8,1,6,6)]/(180)[/(5)LeafElement(1,16.55,16.0763,1,-2.96609e-008,0.176427,7,7)LeafElement(1,16.55,16.0763,1,0.176427,0.38232,7,7)LeafElement(1,16.55,16.0763,1,0.38232,0.588214,7,7)LeafElement(1,16.55,16.0763,1,0.588214,0.794107,7,7)LeafElement(1,16.55,16.0763,1,0.794107,1,7,7)]/(180)[/(5)LeafElement(1,19.8,5.49647,1.2,0,0.279537,8,8)LeafElement(1,19.8,5.49647,1.2,0.279537,1,8,8)]/(180)/(180)/(180)