newPlant
newAxe
/(180)[+(45)newAxe
/(180)newMetamer
StemElement(1,1,0.283722,0.283722)
[/(5)LeafElement(1,6.35,6.35,0.2625,0,0.2,1,1)LeafElement(1,6.35,6.35,0.2625,0.2,0.4,1,1)LeafElement(1,6.35,6.35,0.2625,0.4,0.6,1,1)LeafElement(1,6.35,6.35,0.2625,0.6,0.8,1,1)LeafElement(1,6.35,6.35,0.2625,0.8,1,1,1)]/(180)[/(5)LeafElement(1,9.5,8.8267,0.4,-1.35055e-008,0.138976,2,2)LeafElement(1,9.5,8.8267,0.4,0.138976,0.354232,2,2)LeafElement(1,9.5,8.8267,0.4,0.354232,0.569488,2,2)LeafElement(1,9.5,8.8267,0.4,0.569488,0.784744,2,2)LeafElement(1,9.5,8.8267,0.4,0.784744,1,2,2)]/(180)[/(5)LeafElement(1,13.1,4.33887,0.7,0,0.396157,3,3)LeafElement(1,13.1,4.33887,0.7,0.396157,1,3,3)]/(180)/(180)/(180)]
newMetamer
StemElement(1,1,0.316343,0.316343)
[/(5)LeafElement(1,8.125,8.125,0.3,0,0.2,1,1)LeafElement(1,8.125,8.125,0.3,0.2,0.4,1,1)LeafElement(1,8.125,8.125,0.3,0.4,0.6,1,1)LeafElement(1,8.125,8.125,0.3,0.6,0.8,1,1)LeafElement(1,8.125,8.125,0.3,0.8,1,1,1)]/(180)[+(45)newAxe
/(180)newMetamer
StemElement(1,0.5,0.279968,0.279968)
[/(5)LeafElement(1,7.825,7.825,0.3,0,0.2,1,1)LeafElement(1,7.825,7.825,0.3,0.2,0.4,1,1)LeafElement(1,7.825,7.825,0.3,0.4,0.6,1,1)LeafElement(1,7.825,7.825,0.3,0.6,0.8,1,1)LeafElement(1,7.825,7.825,0.3,0.8,1,1,1)]/(180)[/(5)LeafElement(1,11.65,6.63041,0.465,0,0.297177,2,2)LeafElement(1,11.65,6.63041,0.465,0.297177,0.648589,2,2)LeafElement(1,11.65,6.63041,0.465,0.648589,1,2,2)]/(180)/(180)/(180)]
newMetamer
StemElement(1,0.0500002,0.316343,0.316343)
[/(5)LeafElement(1,9.25,9.25,0.325,1.28875e-008,0.2,2,2)LeafElement(1,9.25,9.25,0.325,0.2,0.4,2,2)LeafElement(1,9.25,9.25,0.325,0.4,0.6,2,2)LeafElement(1,9.25,9.25,0.325,0.6,0.8,2,2)LeafElement(1,9.25,9.25,0.325,0.8,1,2,2)]/(180)[+(45)newAxe
/(180)newMetamer
[/(5)LeafElement(1,8.825,4.57778,0.35,2.60409e-008,0.228883,1,1)LeafElement(1,8.825,4.57778,0.35,0.228883,0.614442,1,1)LeafElement(1,8.825,4.57778,0.35,0.614442,1,1,1)]/(180)/(180)]
newMetamer
[/(5)LeafElement(1,9.35,9.35,0.4,2.54993e-008,0.2,3,3)LeafElement(1,9.35,9.35,0.4,0.2,0.4,3,3)LeafElement(1,9.35,9.35,0.4,0.4,0.6,3,3)LeafElement(1,9.35,9.35,0.4,0.6,0.8,3,3)LeafElement(1,9.35,9.35,0.4,0.8,1,3,3)]/(180)StemElement(1,0.349999,0.316343,0.316343)
[/(5)LeafElement(1,10,10,0.45,0,0.2,4,4)LeafElement(1,10,10,0.45,0.2,0.4,4,4)LeafElement(1,10,10,0.45,0.4,0.6,4,4)LeafElement(1,10,10,0.45,0.6,0.8,4,4)LeafElement(1,10,10,0.45,0.8,1,4,4)]/(180)[/(5)LeafElement(1,11.4,10.6311,0.55,2.24264e-008,0.142143,5,5)LeafElement(1,11.4,10.6311,0.55,0.142143,0.356607,5,5)LeafElement(1,11.4,10.6311,0.55,0.356607,0.571072,5,5)LeafElement(1,11.4,10.6311,0.55,0.571072,0.785536,5,5)LeafElement(1,11.4,10.6311,0.55,0.785536,1,5,5)]/(180)[/(5)LeafElement(1,13.7,4.55869,0.75,0,0.39895,6,6)LeafElement(1,13.7,4.55869,0.75,0.39895,1,6,6)]/(180)/(180)/(180)/(180)/(180)