newPlant
newAxe
/(180)[+(45)newAxe
/(180)newMetamer
[/(5)LeafElement(1,6.35,0.512989,0.2625,0,1,1,1)]/(180)]
newMetamer
StemElement(1,1,0.276137,0.276137)
[/(5)LeafElement(1,8.125,8.125,0.3,0,0.2,1,1)LeafElement(1,8.125,8.125,0.3,0.2,0.4,1,1)LeafElement(1,8.125,8.125,0.3,0.4,0.6,1,1)LeafElement(1,8.125,8.125,0.3,0.6,0.8,1,1)LeafElement(1,8.125,8.125,0.3,0.8,1,1,1)]/(180)[+(45)newAxe
/(180)]
newMetamer
StemElement(1,0.0500002,0.276137,0.276137)
[/(5)LeafElement(1,9.25,9.25,0.325,1.28875e-008,0.2,2,2)LeafElement(1,9.25,9.25,0.325,0.2,0.4,2,2)LeafElement(1,9.25,9.25,0.325,0.4,0.6,2,2)LeafElement(1,9.25,9.25,0.325,0.6,0.8,2,2)LeafElement(1,9.25,9.25,0.325,0.8,1,2,2)]/(180)[+(45)newAxe
]
newMetamer
[/(5)LeafElement(1,9.35,6.79273,0.4,3.50991e-008,0.174117,3,3)LeafElement(1,9.35,6.79273,0.4,0.174118,0.449412,3,3)LeafElement(1,9.35,6.79273,0.4,0.449412,0.724706,3,3)LeafElement(1,9.35,6.79273,0.4,0.724706,1,3,3)]/(180)[/(5)LeafElement(1,10,0.886502,0.45,0,1,4,4)]/(180)/(180)/(180)/(180)