newPlant
newAxe
/(180)[+(45)newAxe
/(180)newMetamer
StemElement(1,1,0.375542,0.375542)
[/(5)LeafElement(1,6.35,6.35,0.2625,0,0.2,1,1)LeafElement(1,6.35,6.35,0.2625,0.2,0.4,1,1)LeafElement(1,6.35,6.35,0.2625,0.4,0.6,1,1)LeafElement(1,6.35,6.35,0.2625,0.6,0.8,1,1)LeafElement(1,6.35,6.35,0.2625,0.8,1,1,1)]/(180)StemElement(1,1.025,0.375542,0.375542)
[/(5)LeafElement(1,9.5,9.5,0.4,0,0.2,2,2)LeafElement(1,9.5,9.5,0.4,0.2,0.4,2,2)LeafElement(1,9.5,9.5,0.4,0.4,0.6,2,2)LeafElement(1,9.5,9.5,0.4,0.6,0.8,2,2)LeafElement(1,9.5,9.5,0.4,0.8,1,2,2)]/(180)StemElement(1,2.575,0.375542,0.375542)
[/(5)LeafElement(1,13.1,13.1,0.7,1.81999e-008,0.2,3,3)LeafElement(1,13.1,13.1,0.7,0.2,0.4,3,3)LeafElement(1,13.1,13.1,0.7,0.4,0.6,3,3)LeafElement(1,13.1,13.1,0.7,0.6,0.8,3,3)LeafElement(1,13.1,13.1,0.7,0.8,1,3,3)]/(180)StemElement(1,5.6619,0.375542,0.375542)
[/(5)LeafElement(1,17.125,17.125,0.825,0,0.2,4,4)LeafElement(1,17.125,17.125,0.825,0.2,0.4,4,4)LeafElement(1,17.125,17.125,0.825,0.4,0.6,4,4)LeafElement(1,17.125,17.125,0.825,0.6,0.8,4,4)LeafElement(1,17.125,17.125,0.825,0.8,1,4,4)]/(180)StemElement(1,2.93186,0.375542,0.375542)
[/(5)LeafElement(1,21.45,21.45,1.1,0,0.2,5,5)LeafElement(1,21.45,21.45,1.1,0.2,0.4,5,5)LeafElement(1,21.45,21.45,1.1,0.4,0.6,5,5)LeafElement(1,21.45,21.45,1.1,0.6,0.8,5,5)LeafElement(1,21.45,21.45,1.1,0.8,1,5,5)]/(180)[/(5)LeafElement(1,25,16.1159,1.2,0,0.0692426,6,6)LeafElement(1,25,16.1159,1.2,0.0692426,0.379495,6,6)LeafElement(1,25,16.1159,1.2,0.379495,0.689748,6,6)LeafElement(1,25,16.1159,1.2,0.689748,1,6,6)]/(180)/(180)]
newMetamer
StemElement(1,1,0.383121,0.383121)
[/(5)LeafElement(1,8.125,8.125,0.3,0,0.2,1,1)LeafElement(1,8.125,8.125,0.3,0.2,0.4,1,1)LeafElement(1,8.125,8.125,0.3,0.4,0.6,1,1)LeafElement(1,8.125,8.125,0.3,0.6,0.8,1,1)LeafElement(1,8.125,8.125,0.3,0.8,1,1,1)]/(180)[+(45)newAxe
/(180)newMetamer
StemElement(1,0.5,0.384905,0.384905)
[/(5)LeafElement(1,7.825,7.825,0.3,0,0.2,1,1)LeafElement(1,7.825,7.825,0.3,0.2,0.4,1,1)LeafElement(1,7.825,7.825,0.3,0.4,0.6,1,1)LeafElement(1,7.825,7.825,0.3,0.6,0.8,1,1)LeafElement(1,7.825,7.825,0.3,0.8,1,1,1)]/(180)StemElement(1,1.85,0.384905,0.384905)
[/(5)LeafElement(1,11.65,11.65,0.465,0,0.2,2,2)LeafElement(1,11.65,11.65,0.465,0.2,0.4,2,2)LeafElement(1,11.65,11.65,0.465,0.4,0.6,2,2)LeafElement(1,11.65,11.65,0.465,0.6,0.8,2,2)LeafElement(1,11.65,11.65,0.465,0.8,1,2,2)]/(180)StemElement(1,5.3,0.384905,0.384905)
[/(5)LeafElement(1,15.175,15.175,0.715,1.57113e-008,0.2,3,3)LeafElement(1,15.175,15.175,0.715,0.2,0.4,3,3)LeafElement(1,15.175,15.175,0.715,0.4,0.6,3,3)LeafElement(1,15.175,15.175,0.715,0.6,0.8,3,3)LeafElement(1,15.175,15.175,0.715,0.8,1,3,3)]/(180)StemElement(1,5.12881,0.384905,0.384905)
[/(5)LeafElement(1,19.85,19.85,1,0,0.2,4,4)LeafElement(1,19.85,19.85,1,0.2,0.4,4,4)LeafElement(1,19.85,19.85,1,0.4,0.6,4,4)LeafElement(1,19.85,19.85,1,0.6,0.8,4,4)LeafElement(1,19.85,19.85,1,0.8,1,4,4)]/(180)[/(5)LeafElement(1,24.5,23.8938,1.15,1.99565e-008,0.179703,5,5)LeafElement(1,24.5,23.8938,1.15,0.179703,0.384777,5,5)LeafElement(1,24.5,23.8938,1.15,0.384777,0.589852,5,5)LeafElement(1,24.5,23.8938,1.15,0.589852,0.794926,5,5)LeafElement(1,24.5,23.8938,1.15,0.794926,1,5,5)]/(180)[/(5)LeafElement(1,29.05,8.41255,1.25,0,0.309365,6,6)LeafElement(1,29.05,8.41255,1.25,0.309365,1,6,6)]/(180)]
newMetamer
StemElement(1,0.0500002,0.383121,0.383121)
[/(5)LeafElement(1,9.25,9.25,0.325,1.28875e-008,0.2,2,2)LeafElement(1,9.25,9.25,0.325,0.2,0.4,2,2)LeafElement(1,9.25,9.25,0.325,0.4,0.6,2,2)LeafElement(1,9.25,9.25,0.325,0.6,0.8,2,2)LeafElement(1,9.25,9.25,0.325,0.8,1,2,2)]/(180)[+(45)newAxe
/(180)newMetamer
StemElement(1,0.85,0.356333,0.356333)
[/(5)LeafElement(1,8.825,8.825,0.35,1.35081e-008,0.2,1,1)LeafElement(1,8.825,8.825,0.35,0.2,0.4,1,1)LeafElement(1,8.825,8.825,0.35,0.4,0.6,1,1)LeafElement(1,8.825,8.825,0.35,0.6,0.8,1,1)LeafElement(1,8.825,8.825,0.35,0.8,1,1,1)]/(180)StemElement(1,2.3,0.356333,0.356333)
[/(5)LeafElement(1,12,12,0.5,3.97364e-008,0.2,2,2)LeafElement(1,12,12,0.5,0.2,0.4,2,2)LeafElement(1,12,12,0.5,0.4,0.6,2,2)LeafElement(1,12,12,0.5,0.6,0.8,2,2)LeafElement(1,12,12,0.5,0.8,1,2,2)]/(180)StemElement(1,3.923,0.356333,0.356333)
[/(5)LeafElement(1,16.8125,16.8125,0.675,0,0.2,3,3)LeafElement(1,16.8125,16.8125,0.675,0.2,0.4,3,3)LeafElement(1,16.8125,16.8125,0.675,0.4,0.6,3,3)LeafElement(1,16.8125,16.8125,0.675,0.6,0.8,3,3)LeafElement(1,16.8125,16.8125,0.675,0.8,1,3,3)]/(180)[/(5)LeafElement(1,21.45,21.4293,0.89,-4.45032e-008,0.199228,4,4)LeafElement(1,21.45,21.4293,0.89,0.199228,0.399421,4,4)LeafElement(1,21.45,21.4293,0.89,0.399421,0.599614,4,4)LeafElement(1,21.45,21.4293,0.89,0.599614,0.799807,4,4)LeafElement(1,21.45,21.4293,0.89,0.799807,1,4,4)]/(180)[/(5)LeafElement(1,26.05,7.53023,0.935,0,0.308122,5,5)LeafElement(1,26.05,7.53023,0.935,0.308122,1,5,5)]/(180)/(180)]
newMetamer
[/(5)LeafElement(1,9.35,9.35,0.4,2.54993e-008,0.2,3,3)LeafElement(1,9.35,9.35,0.4,0.2,0.4,3,3)LeafElement(1,9.35,9.35,0.4,0.4,0.6,3,3)LeafElement(1,9.35,9.35,0.4,0.6,0.8,3,3)LeafElement(1,9.35,9.35,0.4,0.8,1,3,3)]/(180)StemElement(1,0.349999,0.383121,0.383121)
[/(5)LeafElement(1,10,10,0.45,0,0.2,4,4)LeafElement(1,10,10,0.45,0.2,0.4,4,4)LeafElement(1,10,10,0.45,0.4,0.6,4,4)LeafElement(1,10,10,0.45,0.6,0.8,4,4)LeafElement(1,10,10,0.45,0.8,1,4,4)]/(180)StemElement(1,0.8,0.383121,0.383121)
[/(5)LeafElement(1,11.4,11.4,0.55,2.09139e-008,0.2,5,5)LeafElement(1,11.4,11.4,0.55,0.2,0.4,5,5)LeafElement(1,11.4,11.4,0.55,0.4,0.6,5,5)LeafElement(1,11.4,11.4,0.55,0.6,0.8,5,5)LeafElement(1,11.4,11.4,0.55,0.8,1,5,5)]/(180)StemElement(1,2.125,0.383121,0.383121)
[/(5)LeafElement(1,13.7,13.7,0.75,1.74028e-008,0.2,6,6)LeafElement(1,13.7,13.7,0.75,0.2,0.4,6,6)LeafElement(1,13.7,13.7,0.75,0.4,0.6,6,6)LeafElement(1,13.7,13.7,0.75,0.6,0.8,6,6)LeafElement(1,13.7,13.7,0.75,0.8,1,6,6)]/(180)StemElement(1,4.5777,0.383121,0.383121)
[/(5)LeafElement(1,16.55,16.55,1,0,0.2,7,7)LeafElement(1,16.55,16.55,1,0.2,0.4,7,7)LeafElement(1,16.55,16.55,1,0.4,0.6,7,7)LeafElement(1,16.55,16.55,1,0.6,0.8,7,7)LeafElement(1,16.55,16.55,1,0.8,1,7,7)]/(180)StemElement(1,4.60131,0.383121,0.383121)
[/(5)LeafElement(1,19.8,19.8,1.2,0,0.2,8,8)LeafElement(1,19.8,19.8,1.2,0.2,0.4,8,8)LeafElement(1,19.8,19.8,1.2,0.4,0.6,8,8)LeafElement(1,19.8,19.8,1.2,0.6,0.8,8,8)LeafElement(1,19.8,19.8,1.2,0.8,1,8,8)]/(180)[/(5)LeafElement(1,25.175,16.9735,1.28,0,0.110082,9,9)LeafElement(1,25.175,16.9735,1.28,0.110082,0.406721,9,9)LeafElement(1,25.175,16.9735,1.28,0.406721,0.703361,9,9)LeafElement(1,25.175,16.9735,1.28,0.703361,1,9,9)]/(180)/(180)