newPlant
newAxe
/(180)[+(45)newAxe
/(180)newMetamer
StemElement(1,1,0.269827,0.269827)
[/(5)LeafElement(1,6.35,6.35,0.2625,0,0.2,1,1)LeafElement(1,6.35,6.35,0.2625,0.2,0.4,1,1)LeafElement(1,6.35,6.35,0.2625,0.4,0.6,1,1)LeafElement(1,6.35,6.35,0.2625,0.6,0.8,1,1)LeafElement(1,6.35,6.35,0.2625,0.8,1,1,1)]/(180)[/(5)LeafElement(1,9.5,5.06813,0.4,-2.35214e-008,0.250216,2,2)LeafElement(1,9.5,5.06813,0.4,0.250216,0.625108,2,2)LeafElement(1,9.5,5.06813,0.4,0.625108,1,2,2)]/(180)/(180)/(180)]
newMetamer
StemElement(1,1,0.306238,0.306238)
[/(5)LeafElement(1,8.125,8.125,0.3,0,0.2,1,1)LeafElement(1,8.125,8.125,0.3,0.2,0.4,1,1)LeafElement(1,8.125,8.125,0.3,0.4,0.6,1,1)LeafElement(1,8.125,8.125,0.3,0.6,0.8,1,1)LeafElement(1,8.125,8.125,0.3,0.8,1,1,1)]/(180)[+(45)newAxe
/(180)newMetamer
[/(5)LeafElement(1,7.825,6.30388,0.3,-1.89105e-008,0.00696062,1,1)LeafElement(1,7.825,6.30388,0.3,0.00696064,0.25522,1,1)LeafElement(1,7.825,6.30388,0.3,0.25522,0.50348,1,1)LeafElement(1,7.825,6.30388,0.3,0.50348,0.75174,1,1)LeafElement(1,7.825,6.30388,0.3,0.75174,1,1,1)]/(180)[/(5)LeafElement(1,11.65,2.43393,0.465,0,0.0427022,2,2)LeafElement(1,11.65,2.43393,0.465,0.0427022,1,2,2)]/(180)/(180)]
newMetamer
StemElement(1,0.0500002,0.306238,0.306238)
[/(5)LeafElement(1,9.25,9.25,0.325,1.28875e-008,0.2,2,2)LeafElement(1,9.25,9.25,0.325,0.2,0.4,2,2)LeafElement(1,9.25,9.25,0.325,0.4,0.6,2,2)LeafElement(1,9.25,9.25,0.325,0.6,0.8,2,2)LeafElement(1,9.25,9.25,0.325,0.8,1,2,2)]/(180)[+(45)newAxe
/(180)newMetamer
[/(5)LeafElement(1,8.825,1.04153,0.35,0,1,1,1)]/(180)]
newMetamer
[/(5)LeafElement(1,9.35,9.35,0.4,2.54993e-008,0.2,3,3)LeafElement(1,9.35,9.35,0.4,0.2,0.4,3,3)LeafElement(1,9.35,9.35,0.4,0.4,0.6,3,3)LeafElement(1,9.35,9.35,0.4,0.6,0.8,3,3)LeafElement(1,9.35,9.35,0.4,0.8,1,3,3)]/(180)StemElement(1,0.349999,0.306238,0.306238)
[/(5)LeafElement(1,10,10,0.45,0,0.2,4,4)LeafElement(1,10,10,0.45,0.2,0.4,4,4)LeafElement(1,10,10,0.45,0.4,0.6,4,4)LeafElement(1,10,10,0.45,0.6,0.8,4,4)LeafElement(1,10,10,0.45,0.8,1,4,4)]/(180)[/(5)LeafElement(1,11.4,6.29594,0.55,-3.78686e-008,0.275724,5,5)LeafElement(1,11.4,6.29594,0.55,0.275724,0.637862,5,5)LeafElement(1,11.4,6.29594,0.55,0.637862,1,5,5)]/(180)/(180)/(180)/(180)/(180)/(180)