newPlant
newAxe
/(180)[+(45)newAxe
]
newMetamer
StemElement(1,1,0.254821,0.254821)
[/(5)LeafElement(1,8.125,8.125,0.3,0,0.2,1,1)LeafElement(1,8.125,8.125,0.3,0.2,0.4,1,1)LeafElement(1,8.125,8.125,0.3,0.4,0.6,1,1)LeafElement(1,8.125,8.125,0.3,0.6,0.8,1,1)LeafElement(1,8.125,8.125,0.3,0.8,1,1,1)]/(180)[+(45)newAxe
]
newMetamer
[/(5)LeafElement(1,9.25,5.70318,0.325,2.09022e-008,0.0268589,2,2)LeafElement(1,9.25,5.70318,0.325,0.0268589,0.351239,2,2)LeafElement(1,9.25,5.70318,0.325,0.351239,0.67562,2,2)LeafElement(1,9.25,5.70318,0.325,0.67562,1,2,2)]/(180)[+(45)newAxe
]
/(180)/(180)/(180)