newPlant
newAxe
/(180)[+(45)newAxe
/(180)newMetamer
[/(5)LeafElement(1,6.35,4.53279,0.2625,0,0.159457,1,1)LeafElement(1,6.35,4.53279,0.2625,0.159457,0.439638,1,1)LeafElement(1,6.35,4.53279,0.2625,0.439638,0.719819,1,1)LeafElement(1,6.35,4.53279,0.2625,0.719819,1,1,1)]/(180)[/(5)LeafElement(1,9.5,0.687331,0.4,0,1,2,2)]/(180)]
newMetamer
StemElement(1,1,0.291771,0.291771)
[/(5)LeafElement(1,8.125,8.125,0.3,0,0.2,1,1)LeafElement(1,8.125,8.125,0.3,0.2,0.4,1,1)LeafElement(1,8.125,8.125,0.3,0.4,0.6,1,1)LeafElement(1,8.125,8.125,0.3,0.6,0.8,1,1)LeafElement(1,8.125,8.125,0.3,0.8,1,1,1)]/(180)[+(45)newAxe
/(180)newMetamer
[/(5)LeafElement(1,7.825,1.79833,0.3,0,0.129748,1,1)LeafElement(1,7.825,1.79833,0.3,0.129748,1,1,1)]/(180)]
newMetamer
StemElement(1,0.0500002,0.291771,0.291771)
[/(5)LeafElement(1,9.25,9.25,0.325,1.28875e-008,0.2,2,2)LeafElement(1,9.25,9.25,0.325,0.2,0.4,2,2)LeafElement(1,9.25,9.25,0.325,0.4,0.6,2,2)LeafElement(1,9.25,9.25,0.325,0.6,0.8,2,2)LeafElement(1,9.25,9.25,0.325,0.8,1,2,2)]/(180)[+(45)newAxe
]
newMetamer
[/(5)LeafElement(1,9.35,9.35,0.4,2.54993e-008,0.2,3,3)LeafElement(1,9.35,9.35,0.4,0.2,0.4,3,3)LeafElement(1,9.35,9.35,0.4,0.4,0.6,3,3)LeafElement(1,9.35,9.35,0.4,0.6,0.8,3,3)LeafElement(1,9.35,9.35,0.4,0.8,1,3,3)]/(180)[/(5)LeafElement(1,10,6.64749,0.45,0,0.0974041,4,4)LeafElement(1,10,6.64749,0.45,0.0974041,0.398269,4,4)LeafElement(1,10,6.64749,0.45,0.398269,0.699135,4,4)LeafElement(1,10,6.64749,0.45,0.699135,1,4,4)]/(180)[/(5)LeafElement(1,11.4,0.439619,0.55,0,1,5,5)]/(180)/(180)/(180)/(180)/(180)