newPlant
newAxe
/(180)[+(45)newAxe
/(180)newMetamer
StemElement(1,1,0.279953,0.279953)
[/(5)LeafElement(1,6.35,6.35,0.2625,0,0.2,1,1)LeafElement(1,6.35,6.35,0.2625,0.2,0.4,1,1)LeafElement(1,6.35,6.35,0.2625,0.4,0.6,1,1)LeafElement(1,6.35,6.35,0.2625,0.6,0.8,1,1)LeafElement(1,6.35,6.35,0.2625,0.8,1,1,1)]/(180)[/(5)LeafElement(1,9.5,7.8072,0.4,-1.52692e-008,0.0265394,2,2)LeafElement(1,9.5,7.8072,0.4,0.0265394,0.269905,2,2)LeafElement(1,9.5,7.8072,0.4,0.269905,0.51327,2,2)LeafElement(1,9.5,7.8072,0.4,0.51327,0.756635,2,2)LeafElement(1,9.5,7.8072,0.4,0.756635,1,2,2)]/(180)[/(5)LeafElement(1,13.1,2.86145,0.7,0,0.0843796,3,3)LeafElement(1,13.1,2.86145,0.7,0.0843796,1,3,3)]/(180)/(180)/(180)]
newMetamer
StemElement(1,1,0.313602,0.313602)
[/(5)LeafElement(1,8.125,8.125,0.3,0,0.2,1,1)LeafElement(1,8.125,8.125,0.3,0.2,0.4,1,1)LeafElement(1,8.125,8.125,0.3,0.4,0.6,1,1)LeafElement(1,8.125,8.125,0.3,0.6,0.8,1,1)LeafElement(1,8.125,8.125,0.3,0.8,1,1,1)]/(180)[+(45)newAxe
/(180)newMetamer
StemElement(1,0.5,0.27566,0.27566)
[/(5)LeafElement(1,7.825,7.825,0.3,0,0.2,1,1)LeafElement(1,7.825,7.825,0.3,0.2,0.4,1,1)LeafElement(1,7.825,7.825,0.3,0.4,0.6,1,1)LeafElement(1,7.825,7.825,0.3,0.6,0.8,1,1)LeafElement(1,7.825,7.825,0.3,0.8,1,1,1)]/(180)[/(5)LeafElement(1,11.65,5.3565,0.465,0,0.13003,2,2)LeafElement(1,11.65,5.3565,0.465,0.13003,0.565015,2,2)LeafElement(1,11.65,5.3565,0.465,0.565015,1,2,2)]/(180)/(180)/(180)]
newMetamer
StemElement(1,0.0500002,0.313602,0.313602)
[/(5)LeafElement(1,9.25,9.25,0.325,1.28875e-008,0.2,2,2)LeafElement(1,9.25,9.25,0.325,0.2,0.4,2,2)LeafElement(1,9.25,9.25,0.325,0.4,0.6,2,2)LeafElement(1,9.25,9.25,0.325,0.6,0.8,2,2)LeafElement(1,9.25,9.25,0.325,0.8,1,2,2)]/(180)[+(45)newAxe
/(180)newMetamer
[/(5)LeafElement(1,8.825,3.61858,0.35,3.29437e-008,0.0244794,1,1)LeafElement(1,8.825,3.61858,0.35,0.0244794,0.51224,1,1)LeafElement(1,8.825,3.61858,0.35,0.51224,1,1,1)]/(180)/(180)]
newMetamer
[/(5)LeafElement(1,9.35,9.35,0.4,2.54993e-008,0.2,3,3)LeafElement(1,9.35,9.35,0.4,0.2,0.4,3,3)LeafElement(1,9.35,9.35,0.4,0.4,0.6,3,3)LeafElement(1,9.35,9.35,0.4,0.6,0.8,3,3)LeafElement(1,9.35,9.35,0.4,0.8,1,3,3)]/(180)StemElement(1,0.349999,0.313602,0.313602)
[/(5)LeafElement(1,10,10,0.45,0,0.2,4,4)LeafElement(1,10,10,0.45,0.2,0.4,4,4)LeafElement(1,10,10,0.45,0.4,0.6,4,4)LeafElement(1,10,10,0.45,0.6,0.8,4,4)LeafElement(1,10,10,0.45,0.8,1,4,4)]/(180)[/(5)LeafElement(1,11.4,9.45523,0.55,2.52155e-008,0.0354549,5,5)LeafElement(1,11.4,9.45523,0.55,0.0354548,0.276591,5,5)LeafElement(1,11.4,9.45523,0.55,0.276591,0.517727,5,5)LeafElement(1,11.4,9.45523,0.55,0.517727,0.758864,5,5)LeafElement(1,11.4,9.45523,0.55,0.758864,1,5,5)]/(180)[/(5)LeafElement(1,13.7,3.05677,0.75,0,0.103628,6,6)LeafElement(1,13.7,3.05677,0.75,0.103628,1,6,6)]/(180)/(180)/(180)/(180)/(180)