newPlant
newAxe
/(180)[+(45)newAxe
/(180)newMetamer
StemElement(1,0.7721,0.263781,0.263781)
[/(5)LeafElement(1,6.35,6.35,0.2625,0,0.2,1,1)LeafElement(1,6.35,6.35,0.2625,0.2,0.4,1,1)LeafElement(1,6.35,6.35,0.2625,0.4,0.6,1,1)LeafElement(1,6.35,6.35,0.2625,0.6,0.8,1,1)LeafElement(1,6.35,6.35,0.2625,0.8,1,1,1)]/(180)[/(5)LeafElement(1,9.5,3.66074,0.4,0,0.480979,2,2)LeafElement(1,9.5,3.66074,0.4,0.480979,1,2,2)]/(180)/(180)/(180)]
newMetamer
StemElement(1,1,0.301841,0.301841)
[/(5)LeafElement(1,8.125,8.125,0.3,0,0.2,1,1)LeafElement(1,8.125,8.125,0.3,0.2,0.4,1,1)LeafElement(1,8.125,8.125,0.3,0.4,0.6,1,1)LeafElement(1,8.125,8.125,0.3,0.6,0.8,1,1)LeafElement(1,8.125,8.125,0.3,0.8,1,1,1)]/(180)[+(45)newAxe
/(180)newMetamer
[/(5)LeafElement(1,7.825,4.93458,0.3,-2.41579e-008,0.0485522,1,1)LeafElement(1,7.825,4.93458,0.3,0.0485522,0.365701,1,1)LeafElement(1,7.825,4.93458,0.3,0.365701,0.682851,1,1)LeafElement(1,7.825,4.93458,0.3,0.682851,1,1,1)]/(180)[/(5)LeafElement(1,11.65,0.390573,0.465,0,1,2,2)]/(180)/(180)]
newMetamer
StemElement(1,0.0500002,0.301841,0.301841)
[/(5)LeafElement(1,9.25,9.25,0.325,1.28875e-008,0.2,2,2)LeafElement(1,9.25,9.25,0.325,0.2,0.4,2,2)LeafElement(1,9.25,9.25,0.325,0.4,0.6,2,2)LeafElement(1,9.25,9.25,0.325,0.6,0.8,2,2)LeafElement(1,9.25,9.25,0.325,0.8,1,2,2)]/(180)[+(45)newAxe
/(180)/(180)]
newMetamer
[/(5)LeafElement(1,9.35,9.35,0.4,2.54993e-008,0.2,3,3)LeafElement(1,9.35,9.35,0.4,0.2,0.4,3,3)LeafElement(1,9.35,9.35,0.4,0.4,0.6,3,3)LeafElement(1,9.35,9.35,0.4,0.6,0.8,3,3)LeafElement(1,9.35,9.35,0.4,0.8,1,3,3)]/(180)StemElement(1,0.349999,0.301841,0.301841)
[/(5)LeafElement(1,10,10,0.45,0,0.2,4,4)LeafElement(1,10,10,0.45,0.2,0.4,4,4)LeafElement(1,10,10,0.45,0.4,0.6,4,4)LeafElement(1,10,10,0.45,0.6,0.8,4,4)LeafElement(1,10,10,0.45,0.8,1,4,4)]/(180)[/(5)LeafElement(1,11.4,4.40976,0.55,0,0.482965,5,5)LeafElement(1,11.4,4.40976,0.55,0.482965,1,5,5)]/(180)/(180)/(180)/(180)/(180)/(180)