newPlant
newAxe
/(180)[+(45)newAxe
/(180)newMetamer
StemElement(1,1,0.270032,0.270032)
[/(5)LeafElement(1,6.35,6.35,0.2625,0,0.2,1,1)LeafElement(1,6.35,6.35,0.2625,0.2,0.4,1,1)LeafElement(1,6.35,6.35,0.2625,0.4,0.6,1,1)LeafElement(1,6.35,6.35,0.2625,0.6,0.8,1,1)LeafElement(1,6.35,6.35,0.2625,0.8,1,1,1)]/(180)[/(5)LeafElement(1,9.5,5.12371,0.4,-2.32662e-008,0.258351,2,2)LeafElement(1,9.5,5.12371,0.4,0.258351,0.629175,2,2)LeafElement(1,9.5,5.12371,0.4,0.629175,1,2,2)]/(180)/(180)/(180)]
newMetamer
StemElement(1,1,0.306387,0.306387)
[/(5)LeafElement(1,8.125,8.125,0.3,0,0.2,1,1)LeafElement(1,8.125,8.125,0.3,0.2,0.4,1,1)LeafElement(1,8.125,8.125,0.3,0.4,0.6,1,1)LeafElement(1,8.125,8.125,0.3,0.6,0.8,1,1)LeafElement(1,8.125,8.125,0.3,0.8,1,1,1)]/(180)[+(45)newAxe
/(180)newMetamer
[/(5)LeafElement(1,7.825,6.35042,0.3,-1.87719e-008,0.0142389,1,1)LeafElement(1,7.825,6.35042,0.3,0.0142389,0.260679,1,1)LeafElement(1,7.825,6.35042,0.3,0.260679,0.507119,1,1)LeafElement(1,7.825,6.35042,0.3,0.507119,0.75356,1,1)LeafElement(1,7.825,6.35042,0.3,0.75356,1,1,1)]/(180)[/(5)LeafElement(1,11.65,2.50339,0.465,0,0.0692624,2,2)LeafElement(1,11.65,2.50339,0.465,0.0692624,1,2,2)]/(180)/(180)]
newMetamer
StemElement(1,0.0500002,0.306387,0.306387)
[/(5)LeafElement(1,9.25,9.25,0.325,1.28875e-008,0.2,2,2)LeafElement(1,9.25,9.25,0.325,0.2,0.4,2,2)LeafElement(1,9.25,9.25,0.325,0.4,0.6,2,2)LeafElement(1,9.25,9.25,0.325,0.6,0.8,2,2)LeafElement(1,9.25,9.25,0.325,0.8,1,2,2)]/(180)[+(45)newAxe
/(180)newMetamer
[/(5)LeafElement(1,8.825,1.09383,0.35,0,1,1,1)]/(180)]
newMetamer
[/(5)LeafElement(1,9.35,9.35,0.4,2.54993e-008,0.2,3,3)LeafElement(1,9.35,9.35,0.4,0.2,0.4,3,3)LeafElement(1,9.35,9.35,0.4,0.4,0.6,3,3)LeafElement(1,9.35,9.35,0.4,0.6,0.8,3,3)LeafElement(1,9.35,9.35,0.4,0.8,1,3,3)]/(180)StemElement(1,0.349999,0.306387,0.306387)
[/(5)LeafElement(1,10,10,0.45,0,0.2,4,4)LeafElement(1,10,10,0.45,0.2,0.4,4,4)LeafElement(1,10,10,0.45,0.4,0.6,4,4)LeafElement(1,10,10,0.45,0.6,0.8,4,4)LeafElement(1,10,10,0.45,0.8,1,4,4)]/(180)[/(5)LeafElement(1,11.4,6.36005,0.55,-3.74869e-008,0.283025,5,5)LeafElement(1,11.4,6.36005,0.55,0.283025,0.641512,5,5)LeafElement(1,11.4,6.36005,0.55,0.641512,1,5,5)]/(180)/(180)/(180)/(180)/(180)/(180)