newPlant
newAxe
/(180)[+(45)newAxe
]
newMetamer
StemElement(1,1,0.251552,0.251552)
[/(5)LeafElement(1,8.125,8.125,0.3,0,0.2,1,1)LeafElement(1,8.125,8.125,0.3,0.2,0.4,1,1)LeafElement(1,8.125,8.125,0.3,0.4,0.6,1,1)LeafElement(1,8.125,8.125,0.3,0.6,0.8,1,1)LeafElement(1,8.125,8.125,0.3,0.8,1,1,1)]/(180)[+(45)newAxe
]
newMetamer
[/(5)LeafElement(1,9.25,4.59735,0.325,2.593e-008,0.195188,2,2)LeafElement(1,9.25,4.59735,0.325,0.195188,0.597594,2,2)LeafElement(1,9.25,4.59735,0.325,0.597594,1,2,2)]/(180)[+(45)newAxe
]
/(180)/(180)