newPlant
newAxe
/(180)[+(45)newAxe
/(180)newMetamer
[/(5)LeafElement(1,6.35,2.11099,0.2625,0,0.398387,1,1)LeafElement(1,6.35,2.11099,0.2625,0.398387,1,1,1)]/(180)]
newMetamer
StemElement(1,1,0.282352,0.282352)
[/(5)LeafElement(1,8.125,8.125,0.3,0,0.2,1,1)LeafElement(1,8.125,8.125,0.3,0.2,0.4,1,1)LeafElement(1,8.125,8.125,0.3,0.4,0.6,1,1)LeafElement(1,8.125,8.125,0.3,0.6,0.8,1,1)LeafElement(1,8.125,8.125,0.3,0.8,1,1,1)]/(180)[+(45)newAxe
/(180)]
newMetamer
StemElement(1,0.0500002,0.282352,0.282352)
[/(5)LeafElement(1,9.25,9.25,0.325,1.28875e-008,0.2,2,2)LeafElement(1,9.25,9.25,0.325,0.2,0.4,2,2)LeafElement(1,9.25,9.25,0.325,0.4,0.6,2,2)LeafElement(1,9.25,9.25,0.325,0.6,0.8,2,2)LeafElement(1,9.25,9.25,0.325,0.8,1,2,2)]/(180)[+(45)newAxe
]
newMetamer
[/(5)LeafElement(1,9.35,8.91201,0.4,2.67525e-008,0.160683,3,3)LeafElement(1,9.35,8.91201,0.4,0.160683,0.370512,3,3)LeafElement(1,9.35,8.91201,0.4,0.370512,0.580342,3,3)LeafElement(1,9.35,8.91201,0.4,0.580342,0.790171,3,3)LeafElement(1,9.35,8.91201,0.4,0.790171,1,3,3)]/(180)[/(5)LeafElement(1,10,3.17669,0.45,0,0.370413,4,4)LeafElement(1,10,3.17669,0.45,0.370413,1,4,4)]/(180)/(180)/(180)/(180)/(180)