newPlant
newAxe
/(180)[+(45)newAxe
/(180)newMetamer
[/(5)LeafElement(1,6.35,1.69945,0.2625,0,0.252698,1,1)LeafElement(1,6.35,1.69945,0.2625,0.252698,1,1,1)]/(180)]
newMetamer
StemElement(1,1,0.280751,0.280751)
[/(5)LeafElement(1,8.125,8.125,0.3,0,0.2,1,1)LeafElement(1,8.125,8.125,0.3,0.2,0.4,1,1)LeafElement(1,8.125,8.125,0.3,0.4,0.6,1,1)LeafElement(1,8.125,8.125,0.3,0.6,0.8,1,1)LeafElement(1,8.125,8.125,0.3,0.8,1,1,1)]/(180)[+(45)newAxe
/(180)]
newMetamer
StemElement(1,0.0500002,0.280751,0.280751)
[/(5)LeafElement(1,9.25,9.25,0.325,1.28875e-008,0.2,2,2)LeafElement(1,9.25,9.25,0.325,0.2,0.4,2,2)LeafElement(1,9.25,9.25,0.325,0.4,0.6,2,2)LeafElement(1,9.25,9.25,0.325,0.6,0.8,2,2)LeafElement(1,9.25,9.25,0.325,0.8,1,2,2)]/(180)[+(45)newAxe
]
newMetamer
[/(5)LeafElement(1,9.35,8.36622,0.4,2.84978e-008,0.105928,3,3)LeafElement(1,9.35,8.36622,0.4,0.105928,0.329446,3,3)LeafElement(1,9.35,8.36622,0.4,0.329446,0.552964,3,3)LeafElement(1,9.35,8.36622,0.4,0.552964,0.776482,3,3)LeafElement(1,9.35,8.36622,0.4,0.776482,1,3,3)]/(180)[/(5)LeafElement(1,10,2.58688,0.45,0,0.226868,4,4)LeafElement(1,10,2.58688,0.45,0.226868,1,4,4)]/(180)/(180)/(180)/(180)