newPlant
newAxe
/(180)[+(45)newAxe
/(180)newMetamer
[/(5)LeafElement(1,6.35,3.88625,0.2625,0,0.0196212,1,1)LeafElement(1,6.35,3.88625,0.2625,0.0196212,0.346414,1,1)LeafElement(1,6.35,3.88625,0.2625,0.346414,0.673207,1,1)LeafElement(1,6.35,3.88625,0.2625,0.673207,1,1,1)]/(180)/(180)]
newMetamer
StemElement(1,1,0.289256,0.289256)
[/(5)LeafElement(1,8.125,8.125,0.3,0,0.2,1,1)LeafElement(1,8.125,8.125,0.3,0.2,0.4,1,1)LeafElement(1,8.125,8.125,0.3,0.4,0.6,1,1)LeafElement(1,8.125,8.125,0.3,0.6,0.8,1,1)LeafElement(1,8.125,8.125,0.3,0.8,1,1,1)]/(180)[+(45)newAxe
/(180)newMetamer
[/(5)LeafElement(1,7.825,1.01523,0.3,0,1,1,1)]/(180)]
newMetamer
StemElement(1,0.0500002,0.289256,0.289256)
[/(5)LeafElement(1,9.25,9.25,0.325,1.28875e-008,0.2,2,2)LeafElement(1,9.25,9.25,0.325,0.2,0.4,2,2)LeafElement(1,9.25,9.25,0.325,0.4,0.6,2,2)LeafElement(1,9.25,9.25,0.325,0.6,0.8,2,2)LeafElement(1,9.25,9.25,0.325,0.8,1,2,2)]/(180)[+(45)newAxe
]
newMetamer
[/(5)LeafElement(1,9.35,9.35,0.4,2.54993e-008,0.2,3,3)LeafElement(1,9.35,9.35,0.4,0.2,0.4,3,3)LeafElement(1,9.35,9.35,0.4,0.4,0.6,3,3)LeafElement(1,9.35,9.35,0.4,0.6,0.8,3,3)LeafElement(1,9.35,9.35,0.4,0.8,1,3,3)]/(180)[/(5)LeafElement(1,10,5.72091,0.45,0,0.300811,4,4)LeafElement(1,10,5.72091,0.45,0.300811,0.650405,4,4)LeafElement(1,10,5.72091,0.45,0.650405,1,4,4)]/(180)/(180)/(180)/(180)/(180)