newPlant
newAxe
/(180)[+(45)newAxe
/(180)newMetamer
StemElement(1,1,0.4,0.4)
[/(5)LeafElement(1,6.35,6.35,0.2625,0,0.2,1,1)LeafElement(1,6.35,6.35,0.2625,0.2,0.4,1,1)LeafElement(1,6.35,6.35,0.2625,0.4,0.6,1,1)LeafElement(1,6.35,6.35,0.2625,0.6,0.8,1,1)LeafElement(1,6.35,6.35,0.2625,0.8,1,1,1)]/(180)StemElement(1,1.025,0.4,0.4)
[/(5)LeafElement(1,9.5,9.5,0.4,0,0.2,2,2)LeafElement(1,9.5,9.5,0.4,0.2,0.4,2,2)LeafElement(1,9.5,9.5,0.4,0.4,0.6,2,2)LeafElement(1,9.5,9.5,0.4,0.6,0.8,2,2)LeafElement(1,9.5,9.5,0.4,0.8,1,2,2)]/(180)StemElement(1,2.575,0.4,0.4)
[/(5)LeafElement(1,13.1,13.1,0.7,1.81999e-008,0.2,3,3)LeafElement(1,13.1,13.1,0.7,0.2,0.4,3,3)LeafElement(1,13.1,13.1,0.7,0.4,0.6,3,3)LeafElement(1,13.1,13.1,0.7,0.6,0.8,3,3)LeafElement(1,13.1,13.1,0.7,0.8,1,3,3)]/(180)StemElement(1,6,0.4,0.4)
[/(5)LeafElement(1,17.125,17.125,0.825,0,0.2,4,4)LeafElement(1,17.125,17.125,0.825,0.2,0.4,4,4)LeafElement(1,17.125,17.125,0.825,0.4,0.6,4,4)LeafElement(1,17.125,17.125,0.825,0.6,0.8,4,4)LeafElement(1,17.125,17.125,0.825,0.8,1,4,4)]/(180)StemElement(1,7.75,0.4,0.4)
[/(5)LeafElement(1,21.45,21.45,1.1,0,0.2,5,5)LeafElement(1,21.45,21.45,1.1,0.2,0.4,5,5)LeafElement(1,21.45,21.45,1.1,0.4,0.6,5,5)LeafElement(1,21.45,21.45,1.1,0.6,0.8,5,5)LeafElement(1,21.45,21.45,1.1,0.8,1,5,5)]/(180)StemElement(1,12.65,0.4,0.4)
[/(5)LeafElement(1,25,25,1.2,0,0.2,6,6)LeafElement(1,25,25,1.2,0.2,0.4,6,6)LeafElement(1,25,25,1.2,0.4,0.6,6,6)LeafElement(1,25,25,1.2,0.6,0.8,6,6)LeafElement(1,25,25,1.2,0.8,1,6,6)]/(180)StemElement(1,12.4872,0.4,0.4)
[/(5)LeafElement(1,29.2,29.2,1.35,0,0.2,7,7)LeafElement(1,29.2,29.2,1.35,0.2,0.4,7,7)LeafElement(1,29.2,29.2,1.35,0.4,0.6,7,7)LeafElement(1,29.2,29.2,1.35,0.6,0.8,7,7)LeafElement(1,29.2,29.2,1.35,0.8,1,7,7)]/(180)StemElement(1,4.11493,0.4,0.4)
[/(5)LeafElement(1,24.75,24.75,1.65,0,0.2,8,8)LeafElement(1,24.75,24.75,1.65,0.2,0.4,8,8)LeafElement(1,24.75,24.75,1.65,0.4,0.6,8,8)LeafElement(1,24.75,24.75,1.65,0.6,0.8,8,8)LeafElement(1,24.75,24.75,1.65,0.8,1,8,8)]]
StemElement(1,1,0.4,0.4)
[/(5)LeafElement(1,8.125,8.125,0.3,0,0.2,1,1)LeafElement(1,8.125,8.125,0.3,0.2,0.4,1,1)LeafElement(1,8.125,8.125,0.3,0.4,0.6,1,1)LeafElement(1,8.125,8.125,0.3,0.6,0.8,1,1)LeafElement(1,8.125,8.125,0.3,0.8,1,1,1)]/(180)[+(45)newAxe
/(180)newMetamer
StemElement(1,0.5,0.4,0.4)
[/(5)LeafElement(1,7.825,7.825,0.3,0,0.2,1,1)LeafElement(1,7.825,7.825,0.3,0.2,0.4,1,1)LeafElement(1,7.825,7.825,0.3,0.4,0.6,1,1)LeafElement(1,7.825,7.825,0.3,0.6,0.8,1,1)LeafElement(1,7.825,7.825,0.3,0.8,1,1,1)]/(180)StemElement(1,1.85,0.4,0.4)
[/(5)LeafElement(1,11.65,11.65,0.465,0,0.2,2,2)LeafElement(1,11.65,11.65,0.465,0.2,0.4,2,2)LeafElement(1,11.65,11.65,0.465,0.4,0.6,2,2)LeafElement(1,11.65,11.65,0.465,0.6,0.8,2,2)LeafElement(1,11.65,11.65,0.465,0.8,1,2,2)]/(180)StemElement(1,5.3,0.4,0.4)
[/(5)LeafElement(1,15.175,15.175,0.715,1.57113e-008,0.2,3,3)LeafElement(1,15.175,15.175,0.715,0.2,0.4,3,3)LeafElement(1,15.175,15.175,0.715,0.4,0.6,3,3)LeafElement(1,15.175,15.175,0.715,0.6,0.8,3,3)LeafElement(1,15.175,15.175,0.715,0.8,1,3,3)]/(180)StemElement(1,7.8,0.4,0.4)
[/(5)LeafElement(1,19.85,19.85,1,0,0.2,4,4)LeafElement(1,19.85,19.85,1,0.2,0.4,4,4)LeafElement(1,19.85,19.85,1,0.4,0.6,4,4)LeafElement(1,19.85,19.85,1,0.6,0.8,4,4)LeafElement(1,19.85,19.85,1,0.8,1,4,4)]/(180)StemElement(1,10.75,0.4,0.4)
[/(5)LeafElement(1,24.5,24.5,1.15,1.94627e-008,0.2,5,5)LeafElement(1,24.5,24.5,1.15,0.2,0.4,5,5)LeafElement(1,24.5,24.5,1.15,0.4,0.6,5,5)LeafElement(1,24.5,24.5,1.15,0.6,0.8,5,5)LeafElement(1,24.5,24.5,1.15,0.8,1,5,5)]/(180)StemElement(1,14.95,0.4,0.4)
[/(5)LeafElement(1,29.05,29.05,1.25,1.64144e-008,0.2,6,6)LeafElement(1,29.05,29.05,1.25,0.2,0.4,6,6)LeafElement(1,29.05,29.05,1.25,0.4,0.6,6,6)LeafElement(1,29.05,29.05,1.25,0.6,0.8,6,6)LeafElement(1,29.05,29.05,1.25,0.8,1,6,6)]/(180)StemElement(1,7.81217,0.4,0.4)
[/(5)LeafElement(1,26.6,26.6,1.65,1.79262e-008,0.2,7,7)LeafElement(1,26.6,26.6,1.65,0.2,0.4,7,7)LeafElement(1,26.6,26.6,1.65,0.4,0.6,7,7)LeafElement(1,26.6,26.6,1.65,0.6,0.8,7,7)LeafElement(1,26.6,26.6,1.65,0.8,1,7,7)]]
StemElement(1,0.0500002,0.4,0.4)
[/(5)LeafElement(1,9.25,9.25,0.325,1.28875e-008,0.2,2,2)LeafElement(1,9.25,9.25,0.325,0.2,0.4,2,2)LeafElement(1,9.25,9.25,0.325,0.4,0.6,2,2)LeafElement(1,9.25,9.25,0.325,0.6,0.8,2,2)LeafElement(1,9.25,9.25,0.325,0.8,1,2,2)]/(180)[+(45)newAxe
/(180)newMetamer
StemElement(1,0.85,0.4,0.4)
[/(5)LeafElement(1,8.825,8.825,0.35,1.35081e-008,0.2,1,1)LeafElement(1,8.825,8.825,0.35,0.2,0.4,1,1)LeafElement(1,8.825,8.825,0.35,0.4,0.6,1,1)LeafElement(1,8.825,8.825,0.35,0.6,0.8,1,1)LeafElement(1,8.825,8.825,0.35,0.8,1,1,1)]/(180)StemElement(1,2.3,0.4,0.4)
[/(5)LeafElement(1,12,12,0.5,3.97364e-008,0.2,2,2)LeafElement(1,12,12,0.5,0.2,0.4,2,2)LeafElement(1,12,12,0.5,0.4,0.6,2,2)LeafElement(1,12,12,0.5,0.6,0.8,2,2)LeafElement(1,12,12,0.5,0.8,1,2,2)]/(180)StemElement(1,4.4,0.4,0.4)
[/(5)LeafElement(1,16.8125,16.8125,0.675,0,0.2,3,3)LeafElement(1,16.8125,16.8125,0.675,0.2,0.4,3,3)LeafElement(1,16.8125,16.8125,0.675,0.4,0.6,3,3)LeafElement(1,16.8125,16.8125,0.675,0.6,0.8,3,3)LeafElement(1,16.8125,16.8125,0.675,0.8,1,3,3)]/(180)StemElement(1,7.65,0.4,0.4)
[/(5)LeafElement(1,21.45,21.45,0.89,0,0.2,4,4)LeafElement(1,21.45,21.45,0.89,0.2,0.4,4,4)LeafElement(1,21.45,21.45,0.89,0.4,0.6,4,4)LeafElement(1,21.45,21.45,0.89,0.6,0.8,4,4)LeafElement(1,21.45,21.45,0.89,0.8,1,4,4)]/(180)StemElement(1,11.225,0.4,0.4)
[/(5)LeafElement(1,26.05,26.05,0.935,3.66094e-008,0.2,5,5)LeafElement(1,26.05,26.05,0.935,0.2,0.4,5,5)LeafElement(1,26.05,26.05,0.935,0.4,0.6,5,5)LeafElement(1,26.05,26.05,0.935,0.6,0.8,5,5)LeafElement(1,26.05,26.05,0.935,0.8,1,5,5)]/(180)StemElement(1,5.96804,0.4,0.4)
[/(5)LeafElement(1,29,29,1.1875,3.28853e-008,0.2,6,6)LeafElement(1,29,29,1.1875,0.2,0.4,6,6)LeafElement(1,29,29,1.1875,0.4,0.6,6,6)LeafElement(1,29,29,1.1875,0.6,0.8,6,6)LeafElement(1,29,29,1.1875,0.8,1,6,6)]/(180)[/(5)LeafElement(1,24.15,20.6528,1.5,0,0.0645346,7,7)LeafElement(1,24.15,20.6528,1.5,0.0645346,0.298401,7,7)LeafElement(1,24.15,20.6528,1.5,0.298401,0.532267,7,7)LeafElement(1,24.15,20.6528,1.5,0.532267,0.766134,7,7)LeafElement(1,24.15,20.6528,1.5,0.766134,1,7,7)]]
[/(5)LeafElement(1,9.35,9.35,0.4,2.54993e-008,0.2,3,3)LeafElement(1,9.35,9.35,0.4,0.2,0.4,3,3)LeafElement(1,9.35,9.35,0.4,0.4,0.6,3,3)LeafElement(1,9.35,9.35,0.4,0.6,0.8,3,3)LeafElement(1,9.35,9.35,0.4,0.8,1,3,3)]/(180)StemElement(1,0.349999,0.4,0.4)
[/(5)LeafElement(1,10,10,0.45,0,0.2,4,4)LeafElement(1,10,10,0.45,0.2,0.4,4,4)LeafElement(1,10,10,0.45,0.4,0.6,4,4)LeafElement(1,10,10,0.45,0.6,0.8,4,4)LeafElement(1,10,10,0.45,0.8,1,4,4)]/(180)StemElement(1,0.8,0.4,0.4)
[/(5)LeafElement(1,11.4,11.4,0.55,2.09139e-008,0.2,5,5)LeafElement(1,11.4,11.4,0.55,0.2,0.4,5,5)LeafElement(1,11.4,11.4,0.55,0.4,0.6,5,5)LeafElement(1,11.4,11.4,0.55,0.6,0.8,5,5)LeafElement(1,11.4,11.4,0.55,0.8,1,5,5)]/(180)StemElement(1,2.125,0.4,0.4)
[/(5)LeafElement(1,13.7,13.7,0.75,1.74028e-008,0.2,6,6)LeafElement(1,13.7,13.7,0.75,0.2,0.4,6,6)LeafElement(1,13.7,13.7,0.75,0.4,0.6,6,6)LeafElement(1,13.7,13.7,0.75,0.6,0.8,6,6)LeafElement(1,13.7,13.7,0.75,0.8,1,6,6)]/(180)StemElement(1,4.8,0.4,0.4)
[/(5)LeafElement(1,16.55,16.55,1,0,0.2,7,7)LeafElement(1,16.55,16.55,1,0.2,0.4,7,7)LeafElement(1,16.55,16.55,1,0.4,0.6,7,7)LeafElement(1,16.55,16.55,1,0.6,0.8,7,7)LeafElement(1,16.55,16.55,1,0.8,1,7,7)]/(180)StemElement(1,8.975,0.4,0.4)
[/(5)LeafElement(1,19.8,19.8,1.2,0,0.2,8,8)LeafElement(1,19.8,19.8,1.2,0.2,0.4,8,8)LeafElement(1,19.8,19.8,1.2,0.4,0.6,8,8)LeafElement(1,19.8,19.8,1.2,0.6,0.8,8,8)LeafElement(1,19.8,19.8,1.2,0.8,1,8,8)]/(180)StemElement(1,11.875,0.4,0.4)
[/(5)LeafElement(1,25.175,25.175,1.28,0,0.2,9,9)LeafElement(1,25.175,25.175,1.28,0.2,0.4,9,9)LeafElement(1,25.175,25.175,1.28,0.4,0.6,9,9)LeafElement(1,25.175,25.175,1.28,0.6,0.8,9,9)LeafElement(1,25.175,25.175,1.28,0.8,1,9,9)]/(180)StemElement(1,14.469,0.4,0.4)
[/(5)LeafElement(1,28.8,28.8,1.425,0,0.2,10,10)LeafElement(1,28.8,28.8,1.425,0.2,0.4,10,10)LeafElement(1,28.8,28.8,1.425,0.4,0.6,10,10)LeafElement(1,28.8,28.8,1.425,0.6,0.8,10,10)LeafElement(1,28.8,28.8,1.425,0.8,1,10,10)]/(180)StemElement(1,4.75826,0.4,0.4)
[/(5)LeafElement(1,24.1,24.1,1.8,1.97858e-008,0.2,11,11)LeafElement(1,24.1,24.1,1.8,0.2,0.4,11,11)LeafElement(1,24.1,24.1,1.8,0.4,0.6,11,11)LeafElement(1,24.1,24.1,1.8,0.6,0.8,11,11)LeafElement(1,24.1,24.1,1.8,0.8,1,11,11)]