newPlant
newAxe
/(180)[+(45)newAxe
/(180)newMetamer
StemElement(1,1,0.329986,0.329986)
[/(5)LeafElement(1,6.35,6.35,0.2625,0,0.2,1,1)LeafElement(1,6.35,6.35,0.2625,0.2,0.4,1,1)LeafElement(1,6.35,6.35,0.2625,0.4,0.6,1,1)LeafElement(1,6.35,6.35,0.2625,0.6,0.8,1,1)LeafElement(1,6.35,6.35,0.2625,0.8,1,1,1)]/(180)StemElement(1,1.025,0.329986,0.329986)
[/(5)LeafElement(1,9.5,9.5,0.4,0,0.2,2,2)LeafElement(1,9.5,9.5,0.4,0.2,0.4,2,2)LeafElement(1,9.5,9.5,0.4,0.4,0.6,2,2)LeafElement(1,9.5,9.5,0.4,0.6,0.8,2,2)LeafElement(1,9.5,9.5,0.4,0.8,1,2,2)]/(180)StemElement(1,2.51097,0.329986,0.329986)
[/(5)LeafElement(1,13.1,13.1,0.7,1.81999e-008,0.2,3,3)LeafElement(1,13.1,13.1,0.7,0.2,0.4,3,3)LeafElement(1,13.1,13.1,0.7,0.4,0.6,3,3)LeafElement(1,13.1,13.1,0.7,0.6,0.8,3,3)LeafElement(1,13.1,13.1,0.7,0.8,1,3,3)]/(180)[/(5)LeafElement(1,17.125,15.3523,0.825,-1.55299e-008,0.107624,4,4)LeafElement(1,17.125,15.3523,0.825,0.107624,0.330718,4,4)LeafElement(1,17.125,15.3523,0.825,0.330718,0.553812,4,4)LeafElement(1,17.125,15.3523,0.825,0.553812,0.776906,4,4)LeafElement(1,17.125,15.3523,0.825,0.776906,1,4,4)]/(180)[/(5)LeafElement(1,21.45,3.37568,1.1,0,1,5,5)]/(180)/(180)/(180)]
newMetamer
StemElement(1,1,0.34999,0.34999)
[/(5)LeafElement(1,8.125,8.125,0.3,0,0.2,1,1)LeafElement(1,8.125,8.125,0.3,0.2,0.4,1,1)LeafElement(1,8.125,8.125,0.3,0.4,0.6,1,1)LeafElement(1,8.125,8.125,0.3,0.6,0.8,1,1)LeafElement(1,8.125,8.125,0.3,0.8,1,1,1)]/(180)[+(45)newAxe
/(180)newMetamer
StemElement(1,0.5,0.332841,0.332841)
[/(5)LeafElement(1,7.825,7.825,0.3,0,0.2,1,1)LeafElement(1,7.825,7.825,0.3,0.2,0.4,1,1)LeafElement(1,7.825,7.825,0.3,0.4,0.6,1,1)LeafElement(1,7.825,7.825,0.3,0.6,0.8,1,1)LeafElement(1,7.825,7.825,0.3,0.8,1,1,1)]/(180)StemElement(1,1.81297,0.332841,0.332841)
[/(5)LeafElement(1,11.65,11.65,0.465,0,0.2,2,2)LeafElement(1,11.65,11.65,0.465,0.2,0.4,2,2)LeafElement(1,11.65,11.65,0.465,0.4,0.6,2,2)LeafElement(1,11.65,11.65,0.465,0.6,0.8,2,2)LeafElement(1,11.65,11.65,0.465,0.8,1,2,2)]/(180)StemElement(1,3.79597,0.332841,0.332841)
[/(5)LeafElement(1,15.175,15.175,0.715,1.57113e-008,0.2,3,3)LeafElement(1,15.175,15.175,0.715,0.2,0.4,3,3)LeafElement(1,15.175,15.175,0.715,0.4,0.6,3,3)LeafElement(1,15.175,15.175,0.715,0.6,0.8,3,3)LeafElement(1,15.175,15.175,0.715,0.8,1,3,3)]/(180)[/(5)LeafElement(1,19.85,7.29247,1,0,0.455603,4,4)LeafElement(1,19.85,7.29247,1,0.455603,1,4,4)]/(180)/(180)/(180)]
newMetamer
StemElement(1,0.0500002,0.34999,0.34999)
[/(5)LeafElement(1,9.25,9.25,0.325,1.28875e-008,0.2,2,2)LeafElement(1,9.25,9.25,0.325,0.2,0.4,2,2)LeafElement(1,9.25,9.25,0.325,0.4,0.6,2,2)LeafElement(1,9.25,9.25,0.325,0.6,0.8,2,2)LeafElement(1,9.25,9.25,0.325,0.8,1,2,2)]/(180)[+(45)newAxe
/(180)newMetamer
StemElement(1,0.85,0.30427,0.30427)
[/(5)LeafElement(1,8.825,8.825,0.35,1.35081e-008,0.2,1,1)LeafElement(1,8.825,8.825,0.35,0.2,0.4,1,1)LeafElement(1,8.825,8.825,0.35,0.4,0.6,1,1)LeafElement(1,8.825,8.825,0.35,0.6,0.8,1,1)LeafElement(1,8.825,8.825,0.35,0.8,1,1,1)]/(180)StemElement(1,2.20297,0.30427,0.30427)
[/(5)LeafElement(1,12,12,0.5,3.97364e-008,0.2,2,2)LeafElement(1,12,12,0.5,0.2,0.4,2,2)LeafElement(1,12,12,0.5,0.4,0.6,2,2)LeafElement(1,12,12,0.5,0.6,0.8,2,2)LeafElement(1,12,12,0.5,0.8,1,2,2)]/(180)[/(5)LeafElement(1,16.8125,7.70662,0.675,-3.09368e-008,0.127374,3,3)LeafElement(1,16.8125,7.70662,0.675,0.127374,0.563687,3,3)LeafElement(1,16.8125,7.70662,0.675,0.563687,1,3,3)]/(180)/(180)/(180)/(180)]
newMetamer
[/(5)LeafElement(1,9.35,9.35,0.4,2.54993e-008,0.2,3,3)LeafElement(1,9.35,9.35,0.4,0.2,0.4,3,3)LeafElement(1,9.35,9.35,0.4,0.4,0.6,3,3)LeafElement(1,9.35,9.35,0.4,0.6,0.8,3,3)LeafElement(1,9.35,9.35,0.4,0.8,1,3,3)]/(180)StemElement(1,0.349999,0.34999,0.34999)
[/(5)LeafElement(1,10,10,0.45,0,0.2,4,4)LeafElement(1,10,10,0.45,0.2,0.4,4,4)LeafElement(1,10,10,0.45,0.4,0.6,4,4)LeafElement(1,10,10,0.45,0.6,0.8,4,4)LeafElement(1,10,10,0.45,0.8,1,4,4)]/(180)StemElement(1,0.8,0.34999,0.34999)
[/(5)LeafElement(1,11.4,11.4,0.55,2.09139e-008,0.2,5,5)LeafElement(1,11.4,11.4,0.55,0.2,0.4,5,5)LeafElement(1,11.4,11.4,0.55,0.4,0.6,5,5)LeafElement(1,11.4,11.4,0.55,0.6,0.8,5,5)LeafElement(1,11.4,11.4,0.55,0.8,1,5,5)]/(180)StemElement(1,2.06397,0.34999,0.34999)
[/(5)LeafElement(1,13.7,13.7,0.75,1.74028e-008,0.2,6,6)LeafElement(1,13.7,13.7,0.75,0.2,0.4,6,6)LeafElement(1,13.7,13.7,0.75,0.4,0.6,6,6)LeafElement(1,13.7,13.7,0.75,0.6,0.8,6,6)LeafElement(1,13.7,13.7,0.75,0.8,1,6,6)]/(180)[/(5)LeafElement(1,16.55,14.9496,1,3.18963e-008,0.114358,7,7)LeafElement(1,16.55,14.9496,1,0.114358,0.335769,7,7)LeafElement(1,16.55,14.9496,1,0.335769,0.557179,7,7)LeafElement(1,16.55,14.9496,1,0.557179,0.77859,7,7)LeafElement(1,16.55,14.9496,1,0.77859,1,7,7)]/(180)[/(5)LeafElement(1,19.8,4.10101,1.2,0,0.0343839,8,8)LeafElement(1,19.8,4.10101,1.2,0.0343839,1,8,8)]/(180)/(180)/(180)