newPlant
newAxe
/(180)[+(45)newAxe
]
newMetamer
StemElement(1,1,0.259125,0.259125)
[/(5)LeafElement(1,8.125,8.125,0.3,0,0.2,1,1)LeafElement(1,8.125,8.125,0.3,0.2,0.4,1,1)LeafElement(1,8.125,8.125,0.3,0.4,0.6,1,1)LeafElement(1,8.125,8.125,0.3,0.6,0.8,1,1)LeafElement(1,8.125,8.125,0.3,0.8,1,1,1)]/(180)[+(45)newAxe
]
newMetamer
[/(5)LeafElement(1,9.25,7.15915,0.325,1.66513e-008,0.224768,2,2)LeafElement(1,9.25,7.15915,0.325,0.224768,0.483179,2,2)LeafElement(1,9.25,7.15915,0.325,0.483179,0.741589,2,2)LeafElement(1,9.25,7.15915,0.325,0.741589,1,2,2)]/(180)[+(45)newAxe
]
newMetamer
[/(5)LeafElement(1,9.35,1.04174,0.4,0,1,3,3)]/(180)/(180)/(180)