newPlant
newAxe
/(180)[+(45)newAxe
/(180)newMetamer
StemElement(1,1,0.35868,0.35868)
[/(5)LeafElement(1,6.35,6.35,0.2625,0,0.2,1,1)LeafElement(1,6.35,6.35,0.2625,0.2,0.4,1,1)LeafElement(1,6.35,6.35,0.2625,0.4,0.6,1,1)LeafElement(1,6.35,6.35,0.2625,0.6,0.8,1,1)LeafElement(1,6.35,6.35,0.2625,0.8,1,1,1)]/(180)StemElement(1,1.025,0.35868,0.35868)
[/(5)LeafElement(1,9.5,9.5,0.4,0,0.2,2,2)LeafElement(1,9.5,9.5,0.4,0.2,0.4,2,2)LeafElement(1,9.5,9.5,0.4,0.4,0.6,2,2)LeafElement(1,9.5,9.5,0.4,0.6,0.8,2,2)LeafElement(1,9.5,9.5,0.4,0.8,1,2,2)]/(180)StemElement(1,2.575,0.35868,0.35868)
[/(5)LeafElement(1,13.1,13.1,0.7,1.81999e-008,0.2,3,3)LeafElement(1,13.1,13.1,0.7,0.2,0.4,3,3)LeafElement(1,13.1,13.1,0.7,0.4,0.6,3,3)LeafElement(1,13.1,13.1,0.7,0.6,0.8,3,3)LeafElement(1,13.1,13.1,0.7,0.8,1,3,3)]/(180)StemElement(1,4.73114,0.35868,0.35868)
[/(5)LeafElement(1,17.125,17.125,0.825,0,0.2,4,4)LeafElement(1,17.125,17.125,0.825,0.2,0.4,4,4)LeafElement(1,17.125,17.125,0.825,0.4,0.6,4,4)LeafElement(1,17.125,17.125,0.825,0.6,0.8,4,4)LeafElement(1,17.125,17.125,0.825,0.8,1,4,4)]/(180)[/(5)LeafElement(1,21.45,18.5851,1.1,-5.13139e-008,0.0766801,5,5)LeafElement(1,21.45,18.5851,1.1,0.0766802,0.30751,5,5)LeafElement(1,21.45,18.5851,1.1,0.30751,0.53834,5,5)LeafElement(1,21.45,18.5851,1.1,0.53834,0.76917,5,5)LeafElement(1,21.45,18.5851,1.1,0.76917,1,5,5)]/(180)[/(5)LeafElement(1,25,4.31435,1.2,0,1,6,6)]/(180)/(180)]
newMetamer
StemElement(1,1,0.370858,0.370858)
[/(5)LeafElement(1,8.125,8.125,0.3,0,0.2,1,1)LeafElement(1,8.125,8.125,0.3,0.2,0.4,1,1)LeafElement(1,8.125,8.125,0.3,0.4,0.6,1,1)LeafElement(1,8.125,8.125,0.3,0.6,0.8,1,1)LeafElement(1,8.125,8.125,0.3,0.8,1,1,1)]/(180)[+(45)newAxe
/(180)newMetamer
StemElement(1,0.5,0.365634,0.365634)
[/(5)LeafElement(1,7.825,7.825,0.3,0,0.2,1,1)LeafElement(1,7.825,7.825,0.3,0.2,0.4,1,1)LeafElement(1,7.825,7.825,0.3,0.4,0.6,1,1)LeafElement(1,7.825,7.825,0.3,0.6,0.8,1,1)LeafElement(1,7.825,7.825,0.3,0.8,1,1,1)]/(180)StemElement(1,1.85,0.365634,0.365634)
[/(5)LeafElement(1,11.65,11.65,0.465,0,0.2,2,2)LeafElement(1,11.65,11.65,0.465,0.2,0.4,2,2)LeafElement(1,11.65,11.65,0.465,0.4,0.6,2,2)LeafElement(1,11.65,11.65,0.465,0.6,0.8,2,2)LeafElement(1,11.65,11.65,0.465,0.8,1,2,2)]/(180)StemElement(1,4.86339,0.365634,0.365634)
[/(5)LeafElement(1,15.175,15.175,0.715,1.57113e-008,0.2,3,3)LeafElement(1,15.175,15.175,0.715,0.2,0.4,3,3)LeafElement(1,15.175,15.175,0.715,0.4,0.6,3,3)LeafElement(1,15.175,15.175,0.715,0.6,0.8,3,3)LeafElement(1,15.175,15.175,0.715,0.8,1,3,3)]/(180)StemElement(1,2.86259,0.365634,0.365634)
[/(5)LeafElement(1,19.85,19.85,1,0,0.2,4,4)LeafElement(1,19.85,19.85,1,0.2,0.4,4,4)LeafElement(1,19.85,19.85,1,0.4,0.6,4,4)LeafElement(1,19.85,19.85,1,0.6,0.8,4,4)LeafElement(1,19.85,19.85,1,0.8,1,4,4)]/(180)[/(5)LeafElement(1,24.5,11.2475,1.15,-4.2395e-008,0.128695,5,5)LeafElement(1,24.5,11.2475,1.15,0.128695,0.564347,5,5)LeafElement(1,24.5,11.2475,1.15,0.564347,1,5,5)]/(180)/(180)]
newMetamer
StemElement(1,0.0500002,0.370858,0.370858)
[/(5)LeafElement(1,9.25,9.25,0.325,1.28875e-008,0.2,2,2)LeafElement(1,9.25,9.25,0.325,0.2,0.4,2,2)LeafElement(1,9.25,9.25,0.325,0.4,0.6,2,2)LeafElement(1,9.25,9.25,0.325,0.6,0.8,2,2)LeafElement(1,9.25,9.25,0.325,0.8,1,2,2)]/(180)[+(45)newAxe
/(180)newMetamer
StemElement(1,0.85,0.337063,0.337063)
[/(5)LeafElement(1,8.825,8.825,0.35,1.35081e-008,0.2,1,1)LeafElement(1,8.825,8.825,0.35,0.2,0.4,1,1)LeafElement(1,8.825,8.825,0.35,0.4,0.6,1,1)LeafElement(1,8.825,8.825,0.35,0.6,0.8,1,1)LeafElement(1,8.825,8.825,0.35,0.8,1,1,1)]/(180)StemElement(1,2.27183,0.337063,0.337063)
[/(5)LeafElement(1,12,12,0.5,3.97364e-008,0.2,2,2)LeafElement(1,12,12,0.5,0.2,0.4,2,2)LeafElement(1,12,12,0.5,0.4,0.6,2,2)LeafElement(1,12,12,0.5,0.6,0.8,2,2)LeafElement(1,12,12,0.5,0.8,1,2,2)]/(180)StemElement(1,3.51832,0.337063,0.337063)
[/(5)LeafElement(1,16.8125,16.8125,0.675,0,0.2,3,3)LeafElement(1,16.8125,16.8125,0.675,0.2,0.4,3,3)LeafElement(1,16.8125,16.8125,0.675,0.4,0.6,3,3)LeafElement(1,16.8125,16.8125,0.675,0.6,0.8,3,3)LeafElement(1,16.8125,16.8125,0.675,0.8,1,3,3)]/(180)[/(5)LeafElement(1,21.45,10.2837,0.89,0,0.165672,4,4)LeafElement(1,21.45,10.2837,0.89,0.165672,0.582836,4,4)LeafElement(1,21.45,10.2837,0.89,0.582836,1,4,4)]/(180)/(180)/(180)]
newMetamer
[/(5)LeafElement(1,9.35,9.35,0.4,2.54993e-008,0.2,3,3)LeafElement(1,9.35,9.35,0.4,0.2,0.4,3,3)LeafElement(1,9.35,9.35,0.4,0.4,0.6,3,3)LeafElement(1,9.35,9.35,0.4,0.6,0.8,3,3)LeafElement(1,9.35,9.35,0.4,0.8,1,3,3)]/(180)StemElement(1,0.349999,0.370858,0.370858)
[/(5)LeafElement(1,10,10,0.45,0,0.2,4,4)LeafElement(1,10,10,0.45,0.2,0.4,4,4)LeafElement(1,10,10,0.45,0.4,0.6,4,4)LeafElement(1,10,10,0.45,0.6,0.8,4,4)LeafElement(1,10,10,0.45,0.8,1,4,4)]/(180)StemElement(1,0.8,0.370858,0.370858)
[/(5)LeafElement(1,11.4,11.4,0.55,2.09139e-008,0.2,5,5)LeafElement(1,11.4,11.4,0.55,0.2,0.4,5,5)LeafElement(1,11.4,11.4,0.55,0.4,0.6,5,5)LeafElement(1,11.4,11.4,0.55,0.6,0.8,5,5)LeafElement(1,11.4,11.4,0.55,0.8,1,5,5)]/(180)StemElement(1,2.125,0.370858,0.370858)
[/(5)LeafElement(1,13.7,13.7,0.75,1.74028e-008,0.2,6,6)LeafElement(1,13.7,13.7,0.75,0.2,0.4,6,6)LeafElement(1,13.7,13.7,0.75,0.4,0.6,6,6)LeafElement(1,13.7,13.7,0.75,0.6,0.8,6,6)LeafElement(1,13.7,13.7,0.75,0.8,1,6,6)]/(180)StemElement(1,3.80881,0.370858,0.370858)
[/(5)LeafElement(1,16.55,16.55,1,0,0.2,7,7)LeafElement(1,16.55,16.55,1,0.2,0.4,7,7)LeafElement(1,16.55,16.55,1,0.4,0.6,7,7)LeafElement(1,16.55,16.55,1,0.6,0.8,7,7)LeafElement(1,16.55,16.55,1,0.8,1,7,7)]/(180)[/(5)LeafElement(1,19.8,19.4505,1.2,-1.22577e-008,0.185624,8,8)LeafElement(1,19.8,19.4505,1.2,0.185624,0.389218,8,8)LeafElement(1,19.8,19.4505,1.2,0.389218,0.592812,8,8)LeafElement(1,19.8,19.4505,1.2,0.592812,0.796406,8,8)LeafElement(1,19.8,19.4505,1.2,0.796406,1,8,8)]/(180)[/(5)LeafElement(1,25.175,6.56987,1.28,0,0.233622,9,9)LeafElement(1,25.175,6.56987,1.28,0.233622,1,9,9)]/(180)/(180)