newPlant
newAxe
/(180)[+(45)newAxe
/(180)newMetamer
[/(5)LeafElement(1,6.35,5.5372,0.2625,0,0.0825691,1,1)LeafElement(1,6.35,5.5372,0.2625,0.0825691,0.311927,1,1)LeafElement(1,6.35,5.5372,0.2625,0.311927,0.541285,1,1)LeafElement(1,6.35,5.5372,0.2625,0.541285,0.770642,1,1)LeafElement(1,6.35,5.5372,0.2625,0.770642,1,1,1)]/(180)[/(5)LeafElement(1,9.5,2.14024,0.4,0,0.112251,2,2)LeafElement(1,9.5,2.14024,0.4,0.112251,1,2,2)]/(180)/(180)]
newMetamer
StemElement(1,1,0.295677,0.295677)
[/(5)LeafElement(1,8.125,8.125,0.3,0,0.2,1,1)LeafElement(1,8.125,8.125,0.3,0.2,0.4,1,1)LeafElement(1,8.125,8.125,0.3,0.4,0.6,1,1)LeafElement(1,8.125,8.125,0.3,0.6,0.8,1,1)LeafElement(1,8.125,8.125,0.3,0.8,1,1,1)]/(180)[+(45)newAxe
/(180)newMetamer
[/(5)LeafElement(1,7.825,3.01491,0.3,0,0.480913,1,1)LeafElement(1,7.825,3.01491,0.3,0.480913,1,1,1)]/(180)/(180)]
newMetamer
StemElement(1,0.0500002,0.295677,0.295677)
[/(5)LeafElement(1,9.25,9.25,0.325,1.28875e-008,0.2,2,2)LeafElement(1,9.25,9.25,0.325,0.2,0.4,2,2)LeafElement(1,9.25,9.25,0.325,0.4,0.6,2,2)LeafElement(1,9.25,9.25,0.325,0.6,0.8,2,2)LeafElement(1,9.25,9.25,0.325,0.8,1,2,2)]/(180)[+(45)newAxe
/(180)]
newMetamer
[/(5)LeafElement(1,9.35,9.35,0.4,2.54993e-008,0.2,3,3)LeafElement(1,9.35,9.35,0.4,0.2,0.4,3,3)LeafElement(1,9.35,9.35,0.4,0.4,0.6,3,3)LeafElement(1,9.35,9.35,0.4,0.6,0.8,3,3)LeafElement(1,9.35,9.35,0.4,0.8,1,3,3)]/(180)[/(5)LeafElement(1,10,8.08698,0.45,0,0.0107553,4,4)LeafElement(1,10,8.08698,0.45,0.0107553,0.258066,4,4)LeafElement(1,10,8.08698,0.45,0.258066,0.505378,4,4)LeafElement(1,10,8.08698,0.45,0.505378,0.752689,4,4)LeafElement(1,10,8.08698,0.45,0.752689,1,4,4)]/(180)[/(5)LeafElement(1,11.4,2.11544,0.55,0,1,5,5)]/(180)/(180)/(180)/(180)/(180)