newPlant
newAxe
/(180)[+(45)newAxe
/(180)newMetamer
StemElement(1,1,0.268837,0.268837)
[/(5)LeafElement(1,6.35,6.35,0.2625,0,0.2,1,1)LeafElement(1,6.35,6.35,0.2625,0.2,0.4,1,1)LeafElement(1,6.35,6.35,0.2625,0.4,0.6,1,1)LeafElement(1,6.35,6.35,0.2625,0.6,0.8,1,1)LeafElement(1,6.35,6.35,0.2625,0.8,1,1,1)]/(180)[/(5)LeafElement(1,9.5,4.80045,0.4,-2.48329e-008,0.208408,2,2)LeafElement(1,9.5,4.80045,0.4,0.208408,0.604204,2,2)LeafElement(1,9.5,4.80045,0.4,0.604204,1,2,2)]/(180)/(180)/(180)]
newMetamer
StemElement(1,1,0.305518,0.305518)
[/(5)LeafElement(1,8.125,8.125,0.3,0,0.2,1,1)LeafElement(1,8.125,8.125,0.3,0.2,0.4,1,1)LeafElement(1,8.125,8.125,0.3,0.4,0.6,1,1)LeafElement(1,8.125,8.125,0.3,0.6,0.8,1,1)LeafElement(1,8.125,8.125,0.3,0.8,1,1,1)]/(180)[+(45)newAxe
/(180)newMetamer
[/(5)LeafElement(1,7.825,6.07974,0.3,-1.96076e-008,0.227763,1,1)LeafElement(1,7.825,6.07974,0.3,0.227763,0.485176,1,1)LeafElement(1,7.825,6.07974,0.3,0.485175,0.742588,1,1)LeafElement(1,7.825,6.07974,0.3,0.742588,1,1,1)]/(180)[/(5)LeafElement(1,11.65,2.09946,0.465,0,1,2,2)]/(180)/(180)]
newMetamer
StemElement(1,0.0500002,0.305518,0.305518)
[/(5)LeafElement(1,9.25,9.25,0.325,1.28875e-008,0.2,2,2)LeafElement(1,9.25,9.25,0.325,0.2,0.4,2,2)LeafElement(1,9.25,9.25,0.325,0.4,0.6,2,2)LeafElement(1,9.25,9.25,0.325,0.6,0.8,2,2)LeafElement(1,9.25,9.25,0.325,0.8,1,2,2)]/(180)[+(45)newAxe
/(180)newMetamer
[/(5)LeafElement(1,8.825,0.789682,0.35,0,1,1,1)]/(180)]
newMetamer
[/(5)LeafElement(1,9.35,9.35,0.4,2.54993e-008,0.2,3,3)LeafElement(1,9.35,9.35,0.4,0.2,0.4,3,3)LeafElement(1,9.35,9.35,0.4,0.4,0.6,3,3)LeafElement(1,9.35,9.35,0.4,0.6,0.8,3,3)LeafElement(1,9.35,9.35,0.4,0.8,1,3,3)]/(180)StemElement(1,0.349999,0.305518,0.305518)
[/(5)LeafElement(1,10,10,0.45,0,0.2,4,4)LeafElement(1,10,10,0.45,0.2,0.4,4,4)LeafElement(1,10,10,0.45,0.4,0.6,4,4)LeafElement(1,10,10,0.45,0.6,0.8,4,4)LeafElement(1,10,10,0.45,0.8,1,4,4)]/(180)[/(5)LeafElement(1,11.4,5.98719,0.55,-3.98214e-008,0.238374,5,5)LeafElement(1,11.4,5.98719,0.55,0.238374,0.619187,5,5)LeafElement(1,11.4,5.98719,0.55,0.619187,1,5,5)]/(180)/(180)/(180)/(180)/(180)/(180)