newPlant
newAxe
/(180)[+(45)newAxe
/(180)newMetamer
StemElement(1,1,0.399343,0.399343)
[/(5)LeafElement(1,6.35,6.35,0.2625,0,0.2,1,1)LeafElement(1,6.35,6.35,0.2625,0.2,0.4,1,1)LeafElement(1,6.35,6.35,0.2625,0.4,0.6,1,1)LeafElement(1,6.35,6.35,0.2625,0.6,0.8,1,1)LeafElement(1,6.35,6.35,0.2625,0.8,1,1,1)]/(180)StemElement(1,1.025,0.399343,0.399343)
[/(5)LeafElement(1,9.5,9.5,0.4,0,0.2,2,2)LeafElement(1,9.5,9.5,0.4,0.2,0.4,2,2)LeafElement(1,9.5,9.5,0.4,0.4,0.6,2,2)LeafElement(1,9.5,9.5,0.4,0.6,0.8,2,2)LeafElement(1,9.5,9.5,0.4,0.8,1,2,2)]/(180)StemElement(1,2.575,0.399343,0.399343)
[/(5)LeafElement(1,13.1,13.1,0.7,1.81999e-008,0.2,3,3)LeafElement(1,13.1,13.1,0.7,0.2,0.4,3,3)LeafElement(1,13.1,13.1,0.7,0.4,0.6,3,3)LeafElement(1,13.1,13.1,0.7,0.6,0.8,3,3)LeafElement(1,13.1,13.1,0.7,0.8,1,3,3)]/(180)StemElement(1,6,0.399343,0.399343)
[/(5)LeafElement(1,17.125,17.125,0.825,0,0.2,4,4)LeafElement(1,17.125,17.125,0.825,0.2,0.4,4,4)LeafElement(1,17.125,17.125,0.825,0.4,0.6,4,4)LeafElement(1,17.125,17.125,0.825,0.6,0.8,4,4)LeafElement(1,17.125,17.125,0.825,0.8,1,4,4)]/(180)StemElement(1,6.61627,0.399343,0.399343)
[/(5)LeafElement(1,21.45,21.45,1.1,0,0.2,5,5)LeafElement(1,21.45,21.45,1.1,0.2,0.4,5,5)LeafElement(1,21.45,21.45,1.1,0.4,0.6,5,5)LeafElement(1,21.45,21.45,1.1,0.6,0.8,5,5)LeafElement(1,21.45,21.45,1.1,0.8,1,5,5)]/(180)StemElement(1,4.65954,0.399343,0.399343)
[/(5)LeafElement(1,25,25,1.2,0,0.2,6,6)LeafElement(1,25,25,1.2,0.2,0.4,6,6)LeafElement(1,25,25,1.2,0.4,0.6,6,6)LeafElement(1,25,25,1.2,0.6,0.8,6,6)LeafElement(1,25,25,1.2,0.8,1,6,6)]/(180)[/(5)LeafElement(1,29.2,17.608,1.35,0,0.00499931,7,7)LeafElement(1,29.2,17.608,1.35,0.00499931,0.336666,7,7)LeafElement(1,29.2,17.608,1.35,0.336666,0.668333,7,7)LeafElement(1,29.2,17.608,1.35,0.668333,1,7,7)]/(180)]
newMetamer
StemElement(1,1,0.4,0.4)
[/(5)LeafElement(1,8.125,8.125,0.3,0,0.2,1,1)LeafElement(1,8.125,8.125,0.3,0.2,0.4,1,1)LeafElement(1,8.125,8.125,0.3,0.4,0.6,1,1)LeafElement(1,8.125,8.125,0.3,0.6,0.8,1,1)LeafElement(1,8.125,8.125,0.3,0.8,1,1,1)]/(180)[+(45)newAxe
/(180)newMetamer
StemElement(1,0.5,0.4,0.4)
[/(5)LeafElement(1,7.825,7.825,0.3,0,0.2,1,1)LeafElement(1,7.825,7.825,0.3,0.2,0.4,1,1)LeafElement(1,7.825,7.825,0.3,0.4,0.6,1,1)LeafElement(1,7.825,7.825,0.3,0.6,0.8,1,1)LeafElement(1,7.825,7.825,0.3,0.8,1,1,1)]/(180)StemElement(1,1.85,0.4,0.4)
[/(5)LeafElement(1,11.65,11.65,0.465,0,0.2,2,2)LeafElement(1,11.65,11.65,0.465,0.2,0.4,2,2)LeafElement(1,11.65,11.65,0.465,0.4,0.6,2,2)LeafElement(1,11.65,11.65,0.465,0.6,0.8,2,2)LeafElement(1,11.65,11.65,0.465,0.8,1,2,2)]/(180)StemElement(1,5.3,0.4,0.4)
[/(5)LeafElement(1,15.175,15.175,0.715,1.57113e-008,0.2,3,3)LeafElement(1,15.175,15.175,0.715,0.2,0.4,3,3)LeafElement(1,15.175,15.175,0.715,0.4,0.6,3,3)LeafElement(1,15.175,15.175,0.715,0.6,0.8,3,3)LeafElement(1,15.175,15.175,0.715,0.8,1,3,3)]/(180)StemElement(1,7.8,0.4,0.4)
[/(5)LeafElement(1,19.85,19.85,1,0,0.2,4,4)LeafElement(1,19.85,19.85,1,0.2,0.4,4,4)LeafElement(1,19.85,19.85,1,0.4,0.6,4,4)LeafElement(1,19.85,19.85,1,0.6,0.8,4,4)LeafElement(1,19.85,19.85,1,0.8,1,4,4)]/(180)StemElement(1,6.22334,0.4,0.4)
[/(5)LeafElement(1,24.5,24.5,1.15,1.94627e-008,0.2,5,5)LeafElement(1,24.5,24.5,1.15,0.2,0.4,5,5)LeafElement(1,24.5,24.5,1.15,0.4,0.6,5,5)LeafElement(1,24.5,24.5,1.15,0.6,0.8,5,5)LeafElement(1,24.5,24.5,1.15,0.8,1,5,5)]/(180)[/(5)LeafElement(1,29.05,28.0335,1.25,1.70095e-008,0.170993,6,6)LeafElement(1,29.05,28.0335,1.25,0.170993,0.378245,6,6)LeafElement(1,29.05,28.0335,1.25,0.378245,0.585497,6,6)LeafElement(1,29.05,28.0335,1.25,0.585497,0.792748,6,6)LeafElement(1,29.05,28.0335,1.25,0.792748,1,6,6)]/(180)[/(5)LeafElement(1,26.6,5.08051,1.65,0,1,7,7)]]
StemElement(1,0.0500002,0.4,0.4)
[/(5)LeafElement(1,9.25,9.25,0.325,1.28875e-008,0.2,2,2)LeafElement(1,9.25,9.25,0.325,0.2,0.4,2,2)LeafElement(1,9.25,9.25,0.325,0.4,0.6,2,2)LeafElement(1,9.25,9.25,0.325,0.6,0.8,2,2)LeafElement(1,9.25,9.25,0.325,0.8,1,2,2)]/(180)[+(45)newAxe
/(180)newMetamer
StemElement(1,0.85,0.383535,0.383535)
[/(5)LeafElement(1,8.825,8.825,0.35,1.35081e-008,0.2,1,1)LeafElement(1,8.825,8.825,0.35,0.2,0.4,1,1)LeafElement(1,8.825,8.825,0.35,0.4,0.6,1,1)LeafElement(1,8.825,8.825,0.35,0.6,0.8,1,1)LeafElement(1,8.825,8.825,0.35,0.8,1,1,1)]/(180)StemElement(1,2.3,0.383535,0.383535)
[/(5)LeafElement(1,12,12,0.5,3.97364e-008,0.2,2,2)LeafElement(1,12,12,0.5,0.2,0.4,2,2)LeafElement(1,12,12,0.5,0.4,0.6,2,2)LeafElement(1,12,12,0.5,0.6,0.8,2,2)LeafElement(1,12,12,0.5,0.8,1,2,2)]/(180)StemElement(1,4.4,0.383535,0.383535)
[/(5)LeafElement(1,16.8125,16.8125,0.675,0,0.2,3,3)LeafElement(1,16.8125,16.8125,0.675,0.2,0.4,3,3)LeafElement(1,16.8125,16.8125,0.675,0.4,0.6,3,3)LeafElement(1,16.8125,16.8125,0.675,0.6,0.8,3,3)LeafElement(1,16.8125,16.8125,0.675,0.8,1,3,3)]/(180)StemElement(1,4.84297,0.383535,0.383535)
[/(5)LeafElement(1,21.45,21.45,0.89,0,0.2,4,4)LeafElement(1,21.45,21.45,0.89,0.2,0.4,4,4)LeafElement(1,21.45,21.45,0.89,0.4,0.6,4,4)LeafElement(1,21.45,21.45,0.89,0.6,0.8,4,4)LeafElement(1,21.45,21.45,0.89,0.8,1,4,4)]/(180)[/(5)LeafElement(1,26.05,24.0308,0.935,3.96855e-008,0.132779,5,5)LeafElement(1,26.05,24.0308,0.935,0.132779,0.349584,5,5)LeafElement(1,26.05,24.0308,0.935,0.349585,0.56639,5,5)LeafElement(1,26.05,24.0308,0.935,0.56639,0.783195,5,5)LeafElement(1,26.05,24.0308,0.935,0.783195,1,5,5)]/(180)[/(5)LeafElement(1,29,6.29517,1.1875,0,0.0786581,6,6)LeafElement(1,29,6.29517,1.1875,0.0786581,1,6,6)]/(180)]
newMetamer
[/(5)LeafElement(1,9.35,9.35,0.4,2.54993e-008,0.2,3,3)LeafElement(1,9.35,9.35,0.4,0.2,0.4,3,3)LeafElement(1,9.35,9.35,0.4,0.4,0.6,3,3)LeafElement(1,9.35,9.35,0.4,0.6,0.8,3,3)LeafElement(1,9.35,9.35,0.4,0.8,1,3,3)]/(180)StemElement(1,0.349999,0.4,0.4)
[/(5)LeafElement(1,10,10,0.45,0,0.2,4,4)LeafElement(1,10,10,0.45,0.2,0.4,4,4)LeafElement(1,10,10,0.45,0.4,0.6,4,4)LeafElement(1,10,10,0.45,0.6,0.8,4,4)LeafElement(1,10,10,0.45,0.8,1,4,4)]/(180)StemElement(1,0.8,0.4,0.4)
[/(5)LeafElement(1,11.4,11.4,0.55,2.09139e-008,0.2,5,5)LeafElement(1,11.4,11.4,0.55,0.2,0.4,5,5)LeafElement(1,11.4,11.4,0.55,0.4,0.6,5,5)LeafElement(1,11.4,11.4,0.55,0.6,0.8,5,5)LeafElement(1,11.4,11.4,0.55,0.8,1,5,5)]/(180)StemElement(1,2.125,0.4,0.4)
[/(5)LeafElement(1,13.7,13.7,0.75,1.74028e-008,0.2,6,6)LeafElement(1,13.7,13.7,0.75,0.2,0.4,6,6)LeafElement(1,13.7,13.7,0.75,0.4,0.6,6,6)LeafElement(1,13.7,13.7,0.75,0.6,0.8,6,6)LeafElement(1,13.7,13.7,0.75,0.8,1,6,6)]/(180)StemElement(1,4.8,0.4,0.4)
[/(5)LeafElement(1,16.55,16.55,1,0,0.2,7,7)LeafElement(1,16.55,16.55,1,0.2,0.4,7,7)LeafElement(1,16.55,16.55,1,0.4,0.6,7,7)LeafElement(1,16.55,16.55,1,0.6,0.8,7,7)LeafElement(1,16.55,16.55,1,0.8,1,7,7)]/(180)StemElement(1,8.08579,0.4,0.4)
[/(5)LeafElement(1,19.8,19.8,1.2,0,0.2,8,8)LeafElement(1,19.8,19.8,1.2,0.2,0.4,8,8)LeafElement(1,19.8,19.8,1.2,0.4,0.6,8,8)LeafElement(1,19.8,19.8,1.2,0.6,0.8,8,8)LeafElement(1,19.8,19.8,1.2,0.8,1,8,8)]/(180)StemElement(1,4.65966,0.4,0.4)
[/(5)LeafElement(1,25.175,25.175,1.28,0,0.2,9,9)LeafElement(1,25.175,25.175,1.28,0.2,0.4,9,9)LeafElement(1,25.175,25.175,1.28,0.4,0.6,9,9)LeafElement(1,25.175,25.175,1.28,0.6,0.8,9,9)LeafElement(1,25.175,25.175,1.28,0.8,1,9,9)]/(180)[/(5)LeafElement(1,28.8,18.5454,1.425,-2.57119e-008,0.0682325,10,10)LeafElement(1,28.8,18.5454,1.425,0.0682326,0.378822,10,10)LeafElement(1,28.8,18.5454,1.425,0.378822,0.689411,10,10)LeafElement(1,28.8,18.5454,1.425,0.689411,1,10,10)]/(180)