newPlant
newAxe
/(180)[+(45)newAxe
/(180)newMetamer
[/(5)LeafElement(1,6.35,1.7083,0.2625,0,0.256572,1,1)LeafElement(1,6.35,1.7083,0.2625,0.256572,1,1,1)]/(180)]
newMetamer
StemElement(1,1,0.280786,0.280786)
[/(5)LeafElement(1,8.125,8.125,0.3,0,0.2,1,1)LeafElement(1,8.125,8.125,0.3,0.2,0.4,1,1)LeafElement(1,8.125,8.125,0.3,0.4,0.6,1,1)LeafElement(1,8.125,8.125,0.3,0.6,0.8,1,1)LeafElement(1,8.125,8.125,0.3,0.8,1,1,1)]/(180)[+(45)newAxe
/(180)]
newMetamer
StemElement(1,0.0500002,0.280786,0.280786)
[/(5)LeafElement(1,9.25,9.25,0.325,1.28875e-008,0.2,2,2)LeafElement(1,9.25,9.25,0.325,0.2,0.4,2,2)LeafElement(1,9.25,9.25,0.325,0.4,0.6,2,2)LeafElement(1,9.25,9.25,0.325,0.6,0.8,2,2)LeafElement(1,9.25,9.25,0.325,0.8,1,2,2)]/(180)[+(45)newAxe
]
newMetamer
[/(5)LeafElement(1,9.35,8.37796,0.4,2.84578e-008,0.107181,3,3)LeafElement(1,9.35,8.37796,0.4,0.107181,0.330386,3,3)LeafElement(1,9.35,8.37796,0.4,0.330386,0.553591,3,3)LeafElement(1,9.35,8.37796,0.4,0.553591,0.776795,3,3)LeafElement(1,9.35,8.37796,0.4,0.776795,1,3,3)]/(180)[/(5)LeafElement(1,10,2.59957,0.45,0,0.230642,4,4)LeafElement(1,10,2.59957,0.45,0.230642,1,4,4)]/(180)/(180)/(180)/(180)