newPlant
newAxe
/(180)[+(45)newAxe
]
newMetamer
StemElement(1,1,0.261729,0.261729)
[/(5)LeafElement(1,8.125,8.125,0.3,0,0.2,1,1)LeafElement(1,8.125,8.125,0.3,0.2,0.4,1,1)LeafElement(1,8.125,8.125,0.3,0.4,0.6,1,1)LeafElement(1,8.125,8.125,0.3,0.6,0.8,1,1)LeafElement(1,8.125,8.125,0.3,0.8,1,1,1)]/(180)[+(45)newAxe
]
newMetamer
[/(5)LeafElement(1,9.25,8.03971,0.325,1.48276e-008,0.0795693,2,2)LeafElement(1,9.25,8.03971,0.325,0.0795693,0.309677,2,2)LeafElement(1,9.25,8.03971,0.325,0.309677,0.539785,2,2)LeafElement(1,9.25,8.03971,0.325,0.539785,0.769892,2,2)LeafElement(1,9.25,8.03971,0.325,0.769892,1,2,2)]/(180)[+(45)newAxe
]
newMetamer
[/(5)LeafElement(1,9.35,1.92947,0.4,0,0.0308212,3,3)LeafElement(1,9.35,1.92947,0.4,0.0308212,1,3,3)]/(180)/(180)/(180)