newPlant
newAxe
/(180)[+(45)newAxe
/(180)]
newMetamer
StemElement(1,1,0.269821,0.269821)
[/(5)LeafElement(1,8.125,8.125,0.3,0,0.2,1,1)LeafElement(1,8.125,8.125,0.3,0.2,0.4,1,1)LeafElement(1,8.125,8.125,0.3,0.4,0.6,1,1)LeafElement(1,8.125,8.125,0.3,0.6,0.8,1,1)LeafElement(1,8.125,8.125,0.3,0.8,1,1,1)]/(180)[+(45)newAxe
]
newMetamer
StemElement(1,0.0500002,0.269821,0.269821)
[/(5)LeafElement(1,9.25,9.25,0.325,1.28875e-008,0.2,2,2)LeafElement(1,9.25,9.25,0.325,0.2,0.4,2,2)LeafElement(1,9.25,9.25,0.325,0.4,0.6,2,2)LeafElement(1,9.25,9.25,0.325,0.6,0.8,2,2)LeafElement(1,9.25,9.25,0.325,0.8,1,2,2)]/(180)[+(45)newAxe
]
newMetamer
[/(5)LeafElement(1,9.35,4.63894,0.4,0,0.193781,3,3)LeafElement(1,9.35,4.63894,0.4,0.193781,0.59689,3,3)LeafElement(1,9.35,4.63894,0.4,0.59689,1,3,3)]/(180)/(180)/(180)/(180)