newPlant
newAxe
/(180)[+(45)newAxe
/(180)newMetamer
StemElement(1,1,0.300598,0.300598)
[/(5)LeafElement(1,6.35,6.35,0.2625,0,0.2,1,1)LeafElement(1,6.35,6.35,0.2625,0.2,0.4,1,1)LeafElement(1,6.35,6.35,0.2625,0.4,0.6,1,1)LeafElement(1,6.35,6.35,0.2625,0.6,0.8,1,1)LeafElement(1,6.35,6.35,0.2625,0.8,1,1,1)]/(180)StemElement(1,1.025,0.300598,0.300598)
[/(5)LeafElement(1,9.5,9.5,0.4,0,0.2,2,2)LeafElement(1,9.5,9.5,0.4,0.2,0.4,2,2)LeafElement(1,9.5,9.5,0.4,0.4,0.6,2,2)LeafElement(1,9.5,9.5,0.4,0.6,0.8,2,2)LeafElement(1,9.5,9.5,0.4,0.8,1,2,2)]/(180)[/(5)LeafElement(1,13.1,9.92925,0.7,2.40117e-008,0.208399,3,3)LeafElement(1,13.1,9.92925,0.7,0.208399,0.472266,3,3)LeafElement(1,13.1,9.92925,0.7,0.472266,0.736133,3,3)LeafElement(1,13.1,9.92925,0.7,0.736133,1,3,3)]/(180)[/(5)LeafElement(1,17.125,1.76657,0.825,0,1,4,4)]/(180)/(180)/(180)/(180)]
newMetamer
StemElement(1,1,0.328616,0.328616)
[/(5)LeafElement(1,8.125,8.125,0.3,0,0.2,1,1)LeafElement(1,8.125,8.125,0.3,0.2,0.4,1,1)LeafElement(1,8.125,8.125,0.3,0.4,0.6,1,1)LeafElement(1,8.125,8.125,0.3,0.6,0.8,1,1)LeafElement(1,8.125,8.125,0.3,0.8,1,1,1)]/(180)[+(45)newAxe
/(180)newMetamer
StemElement(1,0.5,0.299254,0.299254)
[/(5)LeafElement(1,7.825,7.825,0.3,0,0.2,1,1)LeafElement(1,7.825,7.825,0.3,0.2,0.4,1,1)LeafElement(1,7.825,7.825,0.3,0.4,0.6,1,1)LeafElement(1,7.825,7.825,0.3,0.6,0.8,1,1)LeafElement(1,7.825,7.825,0.3,0.8,1,1,1)]/(180)StemElement(1,0.684482,0.299254,0.299254)
[/(5)LeafElement(1,11.65,11.65,0.465,0,0.2,2,2)LeafElement(1,11.65,11.65,0.465,0.2,0.4,2,2)LeafElement(1,11.65,11.65,0.465,0.4,0.6,2,2)LeafElement(1,11.65,11.65,0.465,0.6,0.8,2,2)LeafElement(1,11.65,11.65,0.465,0.8,1,2,2)]/(180)[/(5)LeafElement(1,15.175,6.37882,0.715,3.73766e-008,0.0484136,3,3)LeafElement(1,15.175,6.37882,0.715,0.0484137,0.524207,3,3)LeafElement(1,15.175,6.37882,0.715,0.524207,1,3,3)]/(180)/(180)/(180)]
newMetamer
StemElement(1,0.0500002,0.328616,0.328616)
[/(5)LeafElement(1,9.25,9.25,0.325,1.28875e-008,0.2,2,2)LeafElement(1,9.25,9.25,0.325,0.2,0.4,2,2)LeafElement(1,9.25,9.25,0.325,0.4,0.6,2,2)LeafElement(1,9.25,9.25,0.325,0.6,0.8,2,2)LeafElement(1,9.25,9.25,0.325,0.8,1,2,2)]/(180)[+(45)newAxe
/(180)newMetamer
StemElement(1,0.0477095,0.270683,0.270683)
[/(5)LeafElement(1,8.825,8.825,0.35,1.35081e-008,0.2,1,1)LeafElement(1,8.825,8.825,0.35,0.2,0.4,1,1)LeafElement(1,8.825,8.825,0.35,0.4,0.6,1,1)LeafElement(1,8.825,8.825,0.35,0.6,0.8,1,1)LeafElement(1,8.825,8.825,0.35,0.8,1,1,1)]/(180)[/(5)LeafElement(1,12,4.81111,0.5,0,0.00231009,2,2)LeafElement(1,12,4.81111,0.5,0.00230999,0.501155,2,2)LeafElement(1,12,4.81111,0.5,0.501155,1,2,2)]/(180)/(180)]
newMetamer
[/(5)LeafElement(1,9.35,9.35,0.4,2.54993e-008,0.2,3,3)LeafElement(1,9.35,9.35,0.4,0.2,0.4,3,3)LeafElement(1,9.35,9.35,0.4,0.4,0.6,3,3)LeafElement(1,9.35,9.35,0.4,0.6,0.8,3,3)LeafElement(1,9.35,9.35,0.4,0.8,1,3,3)]/(180)StemElement(1,0.349999,0.328616,0.328616)
[/(5)LeafElement(1,10,10,0.45,0,0.2,4,4)LeafElement(1,10,10,0.45,0.2,0.4,4,4)LeafElement(1,10,10,0.45,0.4,0.6,4,4)LeafElement(1,10,10,0.45,0.6,0.8,4,4)LeafElement(1,10,10,0.45,0.8,1,4,4)]/(180)StemElement(1,0.8,0.328616,0.328616)
[/(5)LeafElement(1,11.4,11.4,0.55,2.09139e-008,0.2,5,5)LeafElement(1,11.4,11.4,0.55,0.2,0.4,5,5)LeafElement(1,11.4,11.4,0.55,0.4,0.6,5,5)LeafElement(1,11.4,11.4,0.55,0.6,0.8,5,5)LeafElement(1,11.4,11.4,0.55,0.8,1,5,5)]/(180)[/(5)LeafElement(1,13.7,10.4838,0.75,2.27417e-008,0.21593,6,6)LeafElement(1,13.7,10.4838,0.75,0.21593,0.477287,6,6)LeafElement(1,13.7,10.4838,0.75,0.477287,0.738643,6,6)LeafElement(1,13.7,10.4838,0.75,0.738643,1,6,6)]/(180)[/(5)LeafElement(1,16.55,1.88373,1,0,1,7,7)]/(180)/(180)/(180)/(180)