newPlant
newAxe
/(180)[+(45)newAxe
/(180)newMetamer
[/(5)LeafElement(1,6.35,5.81735,0.2625,0,0.12675,1,1)LeafElement(1,6.35,5.81735,0.2625,0.12675,0.345062,1,1)LeafElement(1,6.35,5.81735,0.2625,0.345062,0.563375,1,1)LeafElement(1,6.35,5.81735,0.2625,0.563375,0.781687,1,1)LeafElement(1,6.35,5.81735,0.2625,0.781687,1,1,1)]/(180)[/(5)LeafElement(1,9.5,2.54548,0.4,0,0.253579,2,2)LeafElement(1,9.5,2.54548,0.4,0.253579,1,2,2)]/(180)/(180)]
newMetamer
StemElement(1,1,0.296767,0.296767)
[/(5)LeafElement(1,8.125,8.125,0.3,0,0.2,1,1)LeafElement(1,8.125,8.125,0.3,0.2,0.4,1,1)LeafElement(1,8.125,8.125,0.3,0.4,0.6,1,1)LeafElement(1,8.125,8.125,0.3,0.6,0.8,1,1)LeafElement(1,8.125,8.125,0.3,0.8,1,1,1)]/(180)[+(45)newAxe
/(180)newMetamer
[/(5)LeafElement(1,7.825,3.35423,0.3,-3.554e-008,0.06685,1,1)LeafElement(1,7.825,3.35423,0.3,0.0668499,0.533425,1,1)LeafElement(1,7.825,3.35423,0.3,0.533425,1,1,1)]/(180)/(180)]
newMetamer
StemElement(1,0.0500002,0.296767,0.296767)
[/(5)LeafElement(1,9.25,9.25,0.325,1.28875e-008,0.2,2,2)LeafElement(1,9.25,9.25,0.325,0.2,0.4,2,2)LeafElement(1,9.25,9.25,0.325,0.4,0.6,2,2)LeafElement(1,9.25,9.25,0.325,0.6,0.8,2,2)LeafElement(1,9.25,9.25,0.325,0.8,1,2,2)]/(180)[+(45)newAxe
/(180)]
newMetamer
[/(5)LeafElement(1,9.35,9.35,0.4,2.54993e-008,0.2,3,3)LeafElement(1,9.35,9.35,0.4,0.2,0.4,3,3)LeafElement(1,9.35,9.35,0.4,0.4,0.6,3,3)LeafElement(1,9.35,9.35,0.4,0.6,0.8,3,3)LeafElement(1,9.35,9.35,0.4,0.8,1,3,3)]/(180)[/(5)LeafElement(1,10,8.48847,0.45,0,0.0575451,4,4)LeafElement(1,10,8.48847,0.45,0.0575451,0.293159,4,4)LeafElement(1,10,8.48847,0.45,0.293159,0.528773,4,4)LeafElement(1,10,8.48847,0.45,0.528773,0.764386,4,4)LeafElement(1,10,8.48847,0.45,0.764386,1,4,4)]/(180)[/(5)LeafElement(1,11.4,2.58285,0.55,0,0.117253,5,5)LeafElement(1,11.4,2.58285,0.55,0.117253,1,5,5)]/(180)/(180)/(180)/(180)/(180)