newPlant
newAxe
/(180)[+(45)newAxe
/(180)newMetamer
StemElement(1,1,0.287848,0.287848)
[/(5)LeafElement(1,6.35,6.35,0.2625,0,0.2,1,1)LeafElement(1,6.35,6.35,0.2625,0.2,0.4,1,1)LeafElement(1,6.35,6.35,0.2625,0.4,0.6,1,1)LeafElement(1,6.35,6.35,0.2625,0.6,0.8,1,1)LeafElement(1,6.35,6.35,0.2625,0.8,1,1,1)]/(180)StemElement(1,0.442768,0.287848,0.287848)
[/(5)LeafElement(1,9.5,9.5,0.4,0,0.2,2,2)LeafElement(1,9.5,9.5,0.4,0.2,0.4,2,2)LeafElement(1,9.5,9.5,0.4,0.4,0.6,2,2)LeafElement(1,9.5,9.5,0.4,0.6,0.8,2,2)LeafElement(1,9.5,9.5,0.4,0.8,1,2,2)]/(180)[/(5)LeafElement(1,13.1,5.51348,0.7,-4.32428e-008,0.0496021,3,3)LeafElement(1,13.1,5.51348,0.7,0.0496021,0.524801,3,3)LeafElement(1,13.1,5.51348,0.7,0.524801,1,3,3)]/(180)/(180)/(180)/(180)]
newMetamer
StemElement(1,1,0.319344,0.319344)
[/(5)LeafElement(1,8.125,8.125,0.3,0,0.2,1,1)LeafElement(1,8.125,8.125,0.3,0.2,0.4,1,1)LeafElement(1,8.125,8.125,0.3,0.4,0.6,1,1)LeafElement(1,8.125,8.125,0.3,0.6,0.8,1,1)LeafElement(1,8.125,8.125,0.3,0.8,1,1,1)]/(180)[+(45)newAxe
/(180)newMetamer
StemElement(1,0.5,0.284683,0.284683)
[/(5)LeafElement(1,7.825,7.825,0.3,0,0.2,1,1)LeafElement(1,7.825,7.825,0.3,0.2,0.4,1,1)LeafElement(1,7.825,7.825,0.3,0.4,0.6,1,1)LeafElement(1,7.825,7.825,0.3,0.6,0.8,1,1)LeafElement(1,7.825,7.825,0.3,0.8,1,1,1)]/(180)[/(5)LeafElement(1,11.65,8.02498,0.465,0,0.12897,2,2)LeafElement(1,11.65,8.02498,0.465,0.12897,0.419313,2,2)LeafElement(1,11.65,8.02498,0.465,0.419313,0.709657,2,2)LeafElement(1,11.65,8.02498,0.465,0.709657,1,2,2)]/(180)[/(5)LeafElement(1,15.175,0.898677,0.715,0,1,3,3)]/(180)/(180)]
newMetamer
StemElement(1,0.0500002,0.319344,0.319344)
[/(5)LeafElement(1,9.25,9.25,0.325,1.28875e-008,0.2,2,2)LeafElement(1,9.25,9.25,0.325,0.2,0.4,2,2)LeafElement(1,9.25,9.25,0.325,0.4,0.6,2,2)LeafElement(1,9.25,9.25,0.325,0.6,0.8,2,2)LeafElement(1,9.25,9.25,0.325,0.8,1,2,2)]/(180)[+(45)newAxe
/(180)newMetamer
[/(5)LeafElement(1,8.825,5.62783,0.35,2.11821e-008,0.0591404,1,1)LeafElement(1,8.825,5.62783,0.35,0.0591404,0.37276,1,1)LeafElement(1,8.825,5.62783,0.35,0.37276,0.68638,1,1)LeafElement(1,8.825,5.62783,0.35,0.68638,1,1,1)]/(180)[/(5)LeafElement(1,12,0.243322,0.5,0,1,2,2)]/(180)]
newMetamer
[/(5)LeafElement(1,9.35,9.35,0.4,2.54993e-008,0.2,3,3)LeafElement(1,9.35,9.35,0.4,0.2,0.4,3,3)LeafElement(1,9.35,9.35,0.4,0.4,0.6,3,3)LeafElement(1,9.35,9.35,0.4,0.6,0.8,3,3)LeafElement(1,9.35,9.35,0.4,0.8,1,3,3)]/(180)StemElement(1,0.349999,0.319344,0.319344)
[/(5)LeafElement(1,10,10,0.45,0,0.2,4,4)LeafElement(1,10,10,0.45,0.2,0.4,4,4)LeafElement(1,10,10,0.45,0.4,0.6,4,4)LeafElement(1,10,10,0.45,0.6,0.8,4,4)LeafElement(1,10,10,0.45,0.8,1,4,4)]/(180)StemElement(1,0.518442,0.319344,0.319344)
[/(5)LeafElement(1,11.4,11.4,0.55,2.09139e-008,0.2,5,5)LeafElement(1,11.4,11.4,0.55,0.2,0.4,5,5)LeafElement(1,11.4,11.4,0.55,0.4,0.6,5,5)LeafElement(1,11.4,11.4,0.55,0.6,0.8,5,5)LeafElement(1,11.4,11.4,0.55,0.8,1,5,5)]/(180)[/(5)LeafElement(1,13.7,5.68444,0.75,4.19423e-008,0.0359647,6,6)LeafElement(1,13.7,5.68444,0.75,0.0359648,0.517982,6,6)LeafElement(1,13.7,5.68444,0.75,0.517982,1,6,6)]/(180)/(180)/(180)/(180)/(180)