newPlant
newAxe
/(180)[+(45)newAxe
/(180)newMetamer
StemElement(1,1,0.270539,0.270539)
[/(5)LeafElement(1,6.35,6.35,0.2625,0,0.2,1,1)LeafElement(1,6.35,6.35,0.2625,0.2,0.4,1,1)LeafElement(1,6.35,6.35,0.2625,0.4,0.6,1,1)LeafElement(1,6.35,6.35,0.2625,0.6,0.8,1,1)LeafElement(1,6.35,6.35,0.2625,0.8,1,1,1)]/(180)[/(5)LeafElement(1,9.5,5.26076,0.4,-2.26601e-008,0.277671,2,2)LeafElement(1,9.5,5.26076,0.4,0.277671,0.638835,2,2)LeafElement(1,9.5,5.26076,0.4,0.638835,1,2,2)]/(180)/(180)/(180)]
newMetamer
StemElement(1,1,0.306756,0.306756)
[/(5)LeafElement(1,8.125,8.125,0.3,0,0.2,1,1)LeafElement(1,8.125,8.125,0.3,0.2,0.4,1,1)LeafElement(1,8.125,8.125,0.3,0.4,0.6,1,1)LeafElement(1,8.125,8.125,0.3,0.6,0.8,1,1)LeafElement(1,8.125,8.125,0.3,0.8,1,1,1)]/(180)[+(45)newAxe
/(180)newMetamer
[/(5)LeafElement(1,7.825,6.46517,0.3,-1.84387e-008,0.0317352,1,1)LeafElement(1,7.825,6.46517,0.3,0.0317353,0.273801,1,1)LeafElement(1,7.825,6.46517,0.3,0.273801,0.515868,1,1)LeafElement(1,7.825,6.46517,0.3,0.515868,0.757934,1,1)LeafElement(1,7.825,6.46517,0.3,0.757934,1,1,1)]/(180)[/(5)LeafElement(1,11.65,2.67463,0.465,0,0.128852,2,2)LeafElement(1,11.65,2.67463,0.465,0.128852,1,2,2)]/(180)/(180)]
newMetamer
StemElement(1,0.0500002,0.306756,0.306756)
[/(5)LeafElement(1,9.25,9.25,0.325,1.28875e-008,0.2,2,2)LeafElement(1,9.25,9.25,0.325,0.2,0.4,2,2)LeafElement(1,9.25,9.25,0.325,0.4,0.6,2,2)LeafElement(1,9.25,9.25,0.325,0.6,0.8,2,2)LeafElement(1,9.25,9.25,0.325,0.8,1,2,2)]/(180)[+(45)newAxe
/(180)newMetamer
[/(5)LeafElement(1,8.825,1.22276,0.35,0,1,1,1)]/(180)]
newMetamer
[/(5)LeafElement(1,9.35,9.35,0.4,2.54993e-008,0.2,3,3)LeafElement(1,9.35,9.35,0.4,0.2,0.4,3,3)LeafElement(1,9.35,9.35,0.4,0.4,0.6,3,3)LeafElement(1,9.35,9.35,0.4,0.6,0.8,3,3)LeafElement(1,9.35,9.35,0.4,0.8,1,3,3)]/(180)StemElement(1,0.349999,0.306756,0.306756)
[/(5)LeafElement(1,10,10,0.45,0,0.2,4,4)LeafElement(1,10,10,0.45,0.2,0.4,4,4)LeafElement(1,10,10,0.45,0.4,0.6,4,4)LeafElement(1,10,10,0.45,0.6,0.8,4,4)LeafElement(1,10,10,0.45,0.8,1,4,4)]/(180)[/(5)LeafElement(1,11.4,6.51812,0.55,-3.65778e-008,0.300412,5,5)LeafElement(1,11.4,6.51812,0.55,0.300412,0.650206,5,5)LeafElement(1,11.4,6.51812,0.55,0.650206,1,5,5)]/(180)/(180)/(180)/(180)/(180)/(180)