newPlant
newAxe
/(180)[+(45)newAxe
]
newMetamer
StemElement(1,1,0.258524,0.258524)
[/(5)LeafElement(1,8.125,8.125,0.3,0,0.2,1,1)LeafElement(1,8.125,8.125,0.3,0.2,0.4,1,1)LeafElement(1,8.125,8.125,0.3,0.4,0.6,1,1)LeafElement(1,8.125,8.125,0.3,0.6,0.8,1,1)LeafElement(1,8.125,8.125,0.3,0.8,1,1,1)]/(180)[+(45)newAxe
]
newMetamer
[/(5)LeafElement(1,9.25,6.95578,0.325,1.71382e-008,0.202102,2,2)LeafElement(1,9.25,6.95578,0.325,0.202102,0.468068,2,2)LeafElement(1,9.25,6.95578,0.325,0.468068,0.734034,2,2)LeafElement(1,9.25,6.95578,0.325,0.734034,1,2,2)]/(180)[+(45)newAxe
]
newMetamer
[/(5)LeafElement(1,9.35,0.83672,0.4,0,1,3,3)]/(180)/(180)/(180)