newPlant
newAxe
/(180)[+(45)newAxe
/(180)newMetamer
StemElement(1,0.53286,0.262502,0.262502)
[/(5)LeafElement(1,6.35,6.35,0.2625,0,0.2,1,1)LeafElement(1,6.35,6.35,0.2625,0.2,0.4,1,1)LeafElement(1,6.35,6.35,0.2625,0.4,0.6,1,1)LeafElement(1,6.35,6.35,0.2625,0.6,0.8,1,1)LeafElement(1,6.35,6.35,0.2625,0.8,1,1,1)]/(180)[/(5)LeafElement(1,9.5,3.55391,0.4,0,0.465378,2,2)LeafElement(1,9.5,3.55391,0.4,0.465378,1,2,2)]/(180)/(180)/(180)]
newMetamer
StemElement(1,1,0.300911,0.300911)
[/(5)LeafElement(1,8.125,8.125,0.3,0,0.2,1,1)LeafElement(1,8.125,8.125,0.3,0.2,0.4,1,1)LeafElement(1,8.125,8.125,0.3,0.4,0.6,1,1)LeafElement(1,8.125,8.125,0.3,0.6,0.8,1,1)LeafElement(1,8.125,8.125,0.3,0.8,1,1,1)]/(180)[+(45)newAxe
/(180)newMetamer
[/(5)LeafElement(1,7.825,4.64481,0.3,-2.5665e-008,0.32613,1,1)LeafElement(1,7.825,4.64481,0.3,0.32613,0.663065,1,1)LeafElement(1,7.825,4.64481,0.3,0.663065,1,1,1)]/(180)/(180)]
newMetamer
StemElement(1,0.0500002,0.300911,0.300911)
[/(5)LeafElement(1,9.25,9.25,0.325,1.28875e-008,0.2,2,2)LeafElement(1,9.25,9.25,0.325,0.2,0.4,2,2)LeafElement(1,9.25,9.25,0.325,0.4,0.6,2,2)LeafElement(1,9.25,9.25,0.325,0.6,0.8,2,2)LeafElement(1,9.25,9.25,0.325,0.8,1,2,2)]/(180)[+(45)newAxe
/(180)]
newMetamer
[/(5)LeafElement(1,9.35,9.35,0.4,2.54993e-008,0.2,3,3)LeafElement(1,9.35,9.35,0.4,0.2,0.4,3,3)LeafElement(1,9.35,9.35,0.4,0.4,0.6,3,3)LeafElement(1,9.35,9.35,0.4,0.6,0.8,3,3)LeafElement(1,9.35,9.35,0.4,0.8,1,3,3)]/(180)StemElement(1,0.0155153,0.300911,0.300911)
[/(5)LeafElement(1,10,10,0.45,0,0.2,4,4)LeafElement(1,10,10,0.45,0.2,0.4,4,4)LeafElement(1,10,10,0.45,0.4,0.6,4,4)LeafElement(1,10,10,0.45,0.6,0.8,4,4)LeafElement(1,10,10,0.45,0.8,1,4,4)]/(180)[/(5)LeafElement(1,11.4,4.34508,0.55,0,0.475269,5,5)LeafElement(1,11.4,4.34508,0.55,0.475269,1,5,5)]/(180)/(180)/(180)/(180)/(180)/(180)