newPlant
newAxe
/(180)[+(45)newAxe
/(180)newMetamer
StemElement(1,1,0.311492,0.311492)
[/(5)LeafElement(1,6.35,6.35,0.2625,0,0.2,1,1)LeafElement(1,6.35,6.35,0.2625,0.2,0.4,1,1)LeafElement(1,6.35,6.35,0.2625,0.4,0.6,1,1)LeafElement(1,6.35,6.35,0.2625,0.6,0.8,1,1)LeafElement(1,6.35,6.35,0.2625,0.8,1,1,1)]/(180)StemElement(1,1.025,0.311492,0.311492)
[/(5)LeafElement(1,9.5,9.5,0.4,0,0.2,2,2)LeafElement(1,9.5,9.5,0.4,0.2,0.4,2,2)LeafElement(1,9.5,9.5,0.4,0.4,0.6,2,2)LeafElement(1,9.5,9.5,0.4,0.6,0.8,2,2)LeafElement(1,9.5,9.5,0.4,0.8,1,2,2)]/(180)StemElement(1,1.09967,0.311492,0.311492)
[/(5)LeafElement(1,13.1,13.1,0.7,1.81999e-008,0.2,3,3)LeafElement(1,13.1,13.1,0.7,0.2,0.4,3,3)LeafElement(1,13.1,13.1,0.7,0.4,0.6,3,3)LeafElement(1,13.1,13.1,0.7,0.6,0.8,3,3)LeafElement(1,13.1,13.1,0.7,0.8,1,3,3)]/(180)[/(5)LeafElement(1,17.125,6.62044,0.825,0,0.482663,4,4)LeafElement(1,17.125,6.62044,0.825,0.482663,1,4,4)]/(180)/(180)/(180)/(180)]
newMetamer
StemElement(1,1,0.336539,0.336539)
[/(5)LeafElement(1,8.125,8.125,0.3,0,0.2,1,1)LeafElement(1,8.125,8.125,0.3,0.2,0.4,1,1)LeafElement(1,8.125,8.125,0.3,0.4,0.6,1,1)LeafElement(1,8.125,8.125,0.3,0.6,0.8,1,1)LeafElement(1,8.125,8.125,0.3,0.8,1,1,1)]/(180)[+(45)newAxe
/(180)newMetamer
StemElement(1,0.5,0.311705,0.311705)
[/(5)LeafElement(1,7.825,7.825,0.3,0,0.2,1,1)LeafElement(1,7.825,7.825,0.3,0.2,0.4,1,1)LeafElement(1,7.825,7.825,0.3,0.4,0.6,1,1)LeafElement(1,7.825,7.825,0.3,0.6,0.8,1,1)LeafElement(1,7.825,7.825,0.3,0.8,1,1,1)]/(180)StemElement(1,1.76858,0.311705,0.311705)
[/(5)LeafElement(1,11.65,11.65,0.465,0,0.2,2,2)LeafElement(1,11.65,11.65,0.465,0.2,0.4,2,2)LeafElement(1,11.65,11.65,0.465,0.4,0.6,2,2)LeafElement(1,11.65,11.65,0.465,0.6,0.8,2,2)LeafElement(1,11.65,11.65,0.465,0.8,1,2,2)]/(180)[/(5)LeafElement(1,15.175,10.5805,0.715,2.25337e-008,0.139456,3,3)LeafElement(1,15.175,10.5805,0.715,0.139456,0.426304,3,3)LeafElement(1,15.175,10.5805,0.715,0.426304,0.713152,3,3)LeafElement(1,15.175,10.5805,0.715,0.713152,1,3,3)]/(180)/(180)/(180)/(180)]
newMetamer
StemElement(1,0.0500002,0.336539,0.336539)
[/(5)LeafElement(1,9.25,9.25,0.325,1.28875e-008,0.2,2,2)LeafElement(1,9.25,9.25,0.325,0.2,0.4,2,2)LeafElement(1,9.25,9.25,0.325,0.4,0.6,2,2)LeafElement(1,9.25,9.25,0.325,0.6,0.8,2,2)LeafElement(1,9.25,9.25,0.325,0.8,1,2,2)]/(180)[+(45)newAxe
/(180)newMetamer
StemElement(1,0.85,0.283133,0.283133)
[/(5)LeafElement(1,8.825,8.825,0.35,1.35081e-008,0.2,1,1)LeafElement(1,8.825,8.825,0.35,0.2,0.4,1,1)LeafElement(1,8.825,8.825,0.35,0.4,0.6,1,1)LeafElement(1,8.825,8.825,0.35,0.6,0.8,1,1)LeafElement(1,8.825,8.825,0.35,0.8,1,1,1)]/(180)[/(5)LeafElement(1,12,7.95243,0.5,0,0.0946159,2,2)LeafElement(1,12,7.95243,0.5,0.0946159,0.396411,2,2)LeafElement(1,12,7.95243,0.5,0.396411,0.698205,2,2)LeafElement(1,12,7.95243,0.5,0.698205,1,2,2)]/(180)[/(5)LeafElement(1,16.8125,0.173968,0.675,0,1,3,3)]/(180)/(180)]
newMetamer
[/(5)LeafElement(1,9.35,9.35,0.4,2.54993e-008,0.2,3,3)LeafElement(1,9.35,9.35,0.4,0.2,0.4,3,3)LeafElement(1,9.35,9.35,0.4,0.4,0.6,3,3)LeafElement(1,9.35,9.35,0.4,0.6,0.8,3,3)LeafElement(1,9.35,9.35,0.4,0.8,1,3,3)]/(180)StemElement(1,0.349999,0.336539,0.336539)
[/(5)LeafElement(1,10,10,0.45,0,0.2,4,4)LeafElement(1,10,10,0.45,0.2,0.4,4,4)LeafElement(1,10,10,0.45,0.4,0.6,4,4)LeafElement(1,10,10,0.45,0.6,0.8,4,4)LeafElement(1,10,10,0.45,0.8,1,4,4)]/(180)StemElement(1,0.8,0.336539,0.336539)
[/(5)LeafElement(1,11.4,11.4,0.55,2.09139e-008,0.2,5,5)LeafElement(1,11.4,11.4,0.55,0.2,0.4,5,5)LeafElement(1,11.4,11.4,0.55,0.4,0.6,5,5)LeafElement(1,11.4,11.4,0.55,0.6,0.8,5,5)LeafElement(1,11.4,11.4,0.55,0.8,1,5,5)]/(180)StemElement(1,1.12499,0.336539,0.336539)
[/(5)LeafElement(1,13.7,13.7,0.75,1.74028e-008,0.2,6,6)LeafElement(1,13.7,13.7,0.75,0.2,0.4,6,6)LeafElement(1,13.7,13.7,0.75,0.4,0.6,6,6)LeafElement(1,13.7,13.7,0.75,0.6,0.8,6,6)LeafElement(1,13.7,13.7,0.75,0.8,1,6,6)]/(180)[/(5)LeafElement(1,16.55,6.35277,1,0,0.478968,7,7)LeafElement(1,16.55,6.35277,1,0.478968,1,7,7)]/(180)/(180)/(180)/(180)