newPlant
newAxe
/(180)[+(45)newAxe
]
newMetamer
StemElement(1,1,0.257227,0.257227)
[/(5)LeafElement(1,8.125,8.125,0.3,0,0.2,1,1)LeafElement(1,8.125,8.125,0.3,0.2,0.4,1,1)LeafElement(1,8.125,8.125,0.3,0.4,0.6,1,1)LeafElement(1,8.125,8.125,0.3,0.6,0.8,1,1)LeafElement(1,8.125,8.125,0.3,0.8,1,1,1)]/(180)[+(45)newAxe
]
newMetamer
[/(5)LeafElement(1,9.25,6.51689,0.325,1.82924e-008,0.148367,2,2)LeafElement(1,9.25,6.51689,0.325,0.148367,0.432245,2,2)LeafElement(1,9.25,6.51689,0.325,0.432245,0.716122,2,2)LeafElement(1,9.25,6.51689,0.325,0.716122,1,2,2)]/(180)[+(45)newAxe
]
newMetamer
[/(5)LeafElement(1,9.35,0.394265,0.4,0,1,3,3)]/(180)/(180)/(180)