newPlant
newAxe
/(180)[+(45)newAxe
/(180)newMetamer
StemElement(1,1,0.285624,0.285624)
[/(5)LeafElement(1,6.35,6.35,0.2625,0,0.2,1,1)LeafElement(1,6.35,6.35,0.2625,0.2,0.4,1,1)LeafElement(1,6.35,6.35,0.2625,0.4,0.6,1,1)LeafElement(1,6.35,6.35,0.2625,0.6,0.8,1,1)LeafElement(1,6.35,6.35,0.2625,0.8,1,1,1)]/(180)[/(5)LeafElement(1,9.5,9.34131,0.4,-1.27615e-008,0.18641,2,2)LeafElement(1,9.5,9.34131,0.4,0.18641,0.389807,2,2)LeafElement(1,9.5,9.34131,0.4,0.389807,0.593205,2,2)LeafElement(1,9.5,9.34131,0.4,0.593205,0.796602,2,2)LeafElement(1,9.5,9.34131,0.4,0.796602,1,2,2)]/(180)[/(5)LeafElement(1,13.1,5.08464,0.7,0,0.484722,3,3)LeafElement(1,13.1,5.08464,0.7,0.484722,1,3,3)]/(180)/(180)/(180)]
newMetamer
StemElement(1,1,0.317727,0.317727)
[/(5)LeafElement(1,8.125,8.125,0.3,0,0.2,1,1)LeafElement(1,8.125,8.125,0.3,0.2,0.4,1,1)LeafElement(1,8.125,8.125,0.3,0.4,0.6,1,1)LeafElement(1,8.125,8.125,0.3,0.6,0.8,1,1)LeafElement(1,8.125,8.125,0.3,0.8,1,1,1)]/(180)[+(45)newAxe
/(180)newMetamer
StemElement(1,0.5,0.282142,0.282142)
[/(5)LeafElement(1,7.825,7.825,0.3,0,0.2,1,1)LeafElement(1,7.825,7.825,0.3,0.2,0.4,1,1)LeafElement(1,7.825,7.825,0.3,0.4,0.6,1,1)LeafElement(1,7.825,7.825,0.3,0.6,0.8,1,1)LeafElement(1,7.825,7.825,0.3,0.8,1,1,1)]/(180)[/(5)LeafElement(1,11.65,7.27344,0.465,0,0.0389691,2,2)LeafElement(1,11.65,7.27344,0.465,0.0389691,0.359313,2,2)LeafElement(1,11.65,7.27344,0.465,0.359313,0.679656,2,2)LeafElement(1,11.65,7.27344,0.465,0.679656,1,2,2)]/(180)/(180)/(180)]
newMetamer
StemElement(1,0.0500002,0.317727,0.317727)
[/(5)LeafElement(1,9.25,9.25,0.325,1.28875e-008,0.2,2,2)LeafElement(1,9.25,9.25,0.325,0.2,0.4,2,2)LeafElement(1,9.25,9.25,0.325,0.4,0.6,2,2)LeafElement(1,9.25,9.25,0.325,0.6,0.8,2,2)LeafElement(1,9.25,9.25,0.325,0.8,1,2,2)]/(180)[+(45)newAxe
/(180)newMetamer
[/(5)LeafElement(1,8.825,5.06195,0.35,2.35501e-008,0.302641,1,1)LeafElement(1,8.825,5.06195,0.35,0.302641,0.65132,1,1)LeafElement(1,8.825,5.06195,0.35,0.65132,1,1,1)]/(180)/(180)]
newMetamer
[/(5)LeafElement(1,9.35,9.35,0.4,2.54993e-008,0.2,3,3)LeafElement(1,9.35,9.35,0.4,0.2,0.4,3,3)LeafElement(1,9.35,9.35,0.4,0.4,0.6,3,3)LeafElement(1,9.35,9.35,0.4,0.6,0.8,3,3)LeafElement(1,9.35,9.35,0.4,0.8,1,3,3)]/(180)StemElement(1,0.349999,0.317727,0.317727)
[/(5)LeafElement(1,10,10,0.45,0,0.2,4,4)LeafElement(1,10,10,0.45,0.2,0.4,4,4)LeafElement(1,10,10,0.45,0.4,0.6,4,4)LeafElement(1,10,10,0.45,0.6,0.8,4,4)LeafElement(1,10,10,0.45,0.8,1,4,4)]/(180)[/(5)LeafElement(1,11.4,11.2247,0.55,2.12405e-008,0.187507,5,5)LeafElement(1,11.4,11.2247,0.55,0.187507,0.39063,5,5)LeafElement(1,11.4,11.2247,0.55,0.39063,0.593754,5,5)LeafElement(1,11.4,11.2247,0.55,0.593754,0.796877,5,5)LeafElement(1,11.4,11.2247,0.55,0.796877,1,5,5)]/(180)[/(5)LeafElement(1,13.7,5.31682,0.75,0,0.484654,6,6)LeafElement(1,13.7,5.31682,0.75,0.484654,1,6,6)]/(180)/(180)/(180)/(180)/(180)