newPlant
newAxe
/(180)[+(45)newAxe
/(180)newMetamer
StemElement(1,1,0.386669,0.386669)
[/(5)LeafElement(1,6.35,6.35,0.2625,0,0.2,1,1)LeafElement(1,6.35,6.35,0.2625,0.2,0.4,1,1)LeafElement(1,6.35,6.35,0.2625,0.4,0.6,1,1)LeafElement(1,6.35,6.35,0.2625,0.6,0.8,1,1)LeafElement(1,6.35,6.35,0.2625,0.8,1,1,1)]/(180)StemElement(1,1.025,0.386669,0.386669)
[/(5)LeafElement(1,9.5,9.5,0.4,0,0.2,2,2)LeafElement(1,9.5,9.5,0.4,0.2,0.4,2,2)LeafElement(1,9.5,9.5,0.4,0.4,0.6,2,2)LeafElement(1,9.5,9.5,0.4,0.6,0.8,2,2)LeafElement(1,9.5,9.5,0.4,0.8,1,2,2)]/(180)StemElement(1,2.575,0.386669,0.386669)
[/(5)LeafElement(1,13.1,13.1,0.7,1.81999e-008,0.2,3,3)LeafElement(1,13.1,13.1,0.7,0.2,0.4,3,3)LeafElement(1,13.1,13.1,0.7,0.4,0.6,3,3)LeafElement(1,13.1,13.1,0.7,0.6,0.8,3,3)LeafElement(1,13.1,13.1,0.7,0.8,1,3,3)]/(180)StemElement(1,6,0.386669,0.386669)
[/(5)LeafElement(1,17.125,17.125,0.825,0,0.2,4,4)LeafElement(1,17.125,17.125,0.825,0.2,0.4,4,4)LeafElement(1,17.125,17.125,0.825,0.4,0.6,4,4)LeafElement(1,17.125,17.125,0.825,0.6,0.8,4,4)LeafElement(1,17.125,17.125,0.825,0.8,1,4,4)]/(180)StemElement(1,4.6543,0.386669,0.386669)
[/(5)LeafElement(1,21.45,21.45,1.1,0,0.2,5,5)LeafElement(1,21.45,21.45,1.1,0.2,0.4,5,5)LeafElement(1,21.45,21.45,1.1,0.4,0.6,5,5)LeafElement(1,21.45,21.45,1.1,0.6,0.8,5,5)LeafElement(1,21.45,21.45,1.1,0.8,1,5,5)]/(180)[/(5)LeafElement(1,25,24.7615,1.2,0,0.192294,6,6)LeafElement(1,25,24.7615,1.2,0.192294,0.394221,6,6)LeafElement(1,25,24.7615,1.2,0.394221,0.596147,6,6)LeafElement(1,25,24.7615,1.2,0.596147,0.798074,6,6)LeafElement(1,25,24.7615,1.2,0.798074,1,6,6)]/(180)[/(5)LeafElement(1,29.2,8.34843,1.35,0,0.300467,7,7)LeafElement(1,29.2,8.34843,1.35,0.300467,1,7,7)]/(180)]
newMetamer
StemElement(1,1,0.391214,0.391214)
[/(5)LeafElement(1,8.125,8.125,0.3,0,0.2,1,1)LeafElement(1,8.125,8.125,0.3,0.2,0.4,1,1)LeafElement(1,8.125,8.125,0.3,0.4,0.6,1,1)LeafElement(1,8.125,8.125,0.3,0.6,0.8,1,1)LeafElement(1,8.125,8.125,0.3,0.8,1,1,1)]/(180)[+(45)newAxe
/(180)newMetamer
StemElement(1,0.5,0.397621,0.397621)
[/(5)LeafElement(1,7.825,7.825,0.3,0,0.2,1,1)LeafElement(1,7.825,7.825,0.3,0.2,0.4,1,1)LeafElement(1,7.825,7.825,0.3,0.4,0.6,1,1)LeafElement(1,7.825,7.825,0.3,0.6,0.8,1,1)LeafElement(1,7.825,7.825,0.3,0.8,1,1,1)]/(180)StemElement(1,1.85,0.397621,0.397621)
[/(5)LeafElement(1,11.65,11.65,0.465,0,0.2,2,2)LeafElement(1,11.65,11.65,0.465,0.2,0.4,2,2)LeafElement(1,11.65,11.65,0.465,0.4,0.6,2,2)LeafElement(1,11.65,11.65,0.465,0.6,0.8,2,2)LeafElement(1,11.65,11.65,0.465,0.8,1,2,2)]/(180)StemElement(1,5.3,0.397621,0.397621)
[/(5)LeafElement(1,15.175,15.175,0.715,1.57113e-008,0.2,3,3)LeafElement(1,15.175,15.175,0.715,0.2,0.4,3,3)LeafElement(1,15.175,15.175,0.715,0.4,0.6,3,3)LeafElement(1,15.175,15.175,0.715,0.6,0.8,3,3)LeafElement(1,15.175,15.175,0.715,0.8,1,3,3)]/(180)StemElement(1,6.62426,0.397621,0.397621)
[/(5)LeafElement(1,19.85,19.85,1,0,0.2,4,4)LeafElement(1,19.85,19.85,1,0.2,0.4,4,4)LeafElement(1,19.85,19.85,1,0.4,0.6,4,4)LeafElement(1,19.85,19.85,1,0.6,0.8,4,4)LeafElement(1,19.85,19.85,1,0.8,1,4,4)]/(180)StemElement(1,3.50092,0.397621,0.397621)
[/(5)LeafElement(1,24.5,24.5,1.15,1.94627e-008,0.2,5,5)LeafElement(1,24.5,24.5,1.15,0.2,0.4,5,5)LeafElement(1,24.5,24.5,1.15,0.4,0.6,5,5)LeafElement(1,24.5,24.5,1.15,0.6,0.8,5,5)LeafElement(1,24.5,24.5,1.15,0.8,1,5,5)]/(180)[/(5)LeafElement(1,29.05,16.6267,1.25,2.86789e-008,0.301125,6,6)LeafElement(1,29.05,16.6267,1.25,0.301126,0.650563,6,6)LeafElement(1,29.05,16.6267,1.25,0.650563,1,6,6)]/(180)]
newMetamer
StemElement(1,0.0500002,0.391214,0.391214)
[/(5)LeafElement(1,9.25,9.25,0.325,1.28875e-008,0.2,2,2)LeafElement(1,9.25,9.25,0.325,0.2,0.4,2,2)LeafElement(1,9.25,9.25,0.325,0.4,0.6,2,2)LeafElement(1,9.25,9.25,0.325,0.6,0.8,2,2)LeafElement(1,9.25,9.25,0.325,0.8,1,2,2)]/(180)[+(45)newAxe
/(180)newMetamer
StemElement(1,0.85,0.36905,0.36905)
[/(5)LeafElement(1,8.825,8.825,0.35,1.35081e-008,0.2,1,1)LeafElement(1,8.825,8.825,0.35,0.2,0.4,1,1)LeafElement(1,8.825,8.825,0.35,0.4,0.6,1,1)LeafElement(1,8.825,8.825,0.35,0.6,0.8,1,1)LeafElement(1,8.825,8.825,0.35,0.8,1,1,1)]/(180)StemElement(1,2.3,0.36905,0.36905)
[/(5)LeafElement(1,12,12,0.5,3.97364e-008,0.2,2,2)LeafElement(1,12,12,0.5,0.2,0.4,2,2)LeafElement(1,12,12,0.5,0.4,0.6,2,2)LeafElement(1,12,12,0.5,0.6,0.8,2,2)LeafElement(1,12,12,0.5,0.8,1,2,2)]/(180)StemElement(1,4.19005,0.36905,0.36905)
[/(5)LeafElement(1,16.8125,16.8125,0.675,0,0.2,3,3)LeafElement(1,16.8125,16.8125,0.675,0.2,0.4,3,3)LeafElement(1,16.8125,16.8125,0.675,0.4,0.6,3,3)LeafElement(1,16.8125,16.8125,0.675,0.6,0.8,3,3)LeafElement(1,16.8125,16.8125,0.675,0.8,1,3,3)]/(180)StemElement(1,3.15476,0.36905,0.36905)
[/(5)LeafElement(1,21.45,21.45,0.89,0,0.2,4,4)LeafElement(1,21.45,21.45,0.89,0.2,0.4,4,4)LeafElement(1,21.45,21.45,0.89,0.4,0.6,4,4)LeafElement(1,21.45,21.45,0.89,0.6,0.8,4,4)LeafElement(1,21.45,21.45,0.89,0.8,1,4,4)]/(180)[/(5)LeafElement(1,26.05,14.1259,0.935,0,0.262347,5,5)LeafElement(1,26.05,14.1259,0.935,0.262347,0.631173,5,5)LeafElement(1,26.05,14.1259,0.935,0.631173,1,5,5)]/(180)/(180)]
newMetamer
[/(5)LeafElement(1,9.35,9.35,0.4,2.54993e-008,0.2,3,3)LeafElement(1,9.35,9.35,0.4,0.2,0.4,3,3)LeafElement(1,9.35,9.35,0.4,0.4,0.6,3,3)LeafElement(1,9.35,9.35,0.4,0.6,0.8,3,3)LeafElement(1,9.35,9.35,0.4,0.8,1,3,3)]/(180)StemElement(1,0.349999,0.391214,0.391214)
[/(5)LeafElement(1,10,10,0.45,0,0.2,4,4)LeafElement(1,10,10,0.45,0.2,0.4,4,4)LeafElement(1,10,10,0.45,0.4,0.6,4,4)LeafElement(1,10,10,0.45,0.6,0.8,4,4)LeafElement(1,10,10,0.45,0.8,1,4,4)]/(180)StemElement(1,0.8,0.391214,0.391214)
[/(5)LeafElement(1,11.4,11.4,0.55,2.09139e-008,0.2,5,5)LeafElement(1,11.4,11.4,0.55,0.2,0.4,5,5)LeafElement(1,11.4,11.4,0.55,0.4,0.6,5,5)LeafElement(1,11.4,11.4,0.55,0.6,0.8,5,5)LeafElement(1,11.4,11.4,0.55,0.8,1,5,5)]/(180)StemElement(1,2.125,0.391214,0.391214)
[/(5)LeafElement(1,13.7,13.7,0.75,1.74028e-008,0.2,6,6)LeafElement(1,13.7,13.7,0.75,0.2,0.4,6,6)LeafElement(1,13.7,13.7,0.75,0.4,0.6,6,6)LeafElement(1,13.7,13.7,0.75,0.6,0.8,6,6)LeafElement(1,13.7,13.7,0.75,0.8,1,6,6)]/(180)StemElement(1,4.8,0.391214,0.391214)
[/(5)LeafElement(1,16.55,16.55,1,0,0.2,7,7)LeafElement(1,16.55,16.55,1,0.2,0.4,7,7)LeafElement(1,16.55,16.55,1,0.4,0.6,7,7)LeafElement(1,16.55,16.55,1,0.6,0.8,7,7)LeafElement(1,16.55,16.55,1,0.8,1,7,7)]/(180)StemElement(1,6.23028,0.391214,0.391214)
[/(5)LeafElement(1,19.8,19.8,1.2,0,0.2,8,8)LeafElement(1,19.8,19.8,1.2,0.2,0.4,8,8)LeafElement(1,19.8,19.8,1.2,0.4,0.6,8,8)LeafElement(1,19.8,19.8,1.2,0.6,0.8,8,8)LeafElement(1,19.8,19.8,1.2,0.8,1,8,8)]/(180)StemElement(1,0.56089,0.391214,0.391214)
[/(5)LeafElement(1,25.175,25.175,1.28,0,0.2,9,9)LeafElement(1,25.175,25.175,1.28,0.2,0.4,9,9)LeafElement(1,25.175,25.175,1.28,0.4,0.6,9,9)LeafElement(1,25.175,25.175,1.28,0.6,0.8,9,9)LeafElement(1,25.175,25.175,1.28,0.8,1,9,9)]/(180)[/(5)LeafElement(1,28.8,8.52421,1.425,0,0.324278,10,10)LeafElement(1,28.8,8.52421,1.425,0.324278,1,10,10)]/(180)