1.00000	-1.00000	1.00000	-1.00000	1.00000	-1.00000	1.00000	-1.00000	1.00000	-1.00000	1.00000	-1.00000	1.00000	-1.00000	1.00000	-1.00000	1.00000	-1.00000	1.00000	-1.00000	1.00000	-1.00000	1.00000	-1.00000	1.00000	-1.00000	1.00000	-1.00000	1.00000	-1.00000	1.00000	-1.00000	1.00000	-1.00000	1.00000	-1.00000	1.00000	-1.00000	1.00000	24.8182	11.89083142	8.7559828	2.26433142	8.17039	16.796572	34.6	137.141	0.03551416	0.45812842	0.3163736	1.4782164	1.25949
-1.00000	-1.00000	-1.00000	1.00000	1.00000	1.00000	1.00000	-1.00000	-1.00000	-1.00000	-1.00000	-1.00000	-1.00000	-1.00000	-1.00000	1.00000	1.00000	-1.00000	-1.00000	1.00000	1.00000	-1.00000	-1.00000	1.00000	1.00000	1.00000	1.00000	1.00000	1.00000	1.00000	1.00000	-1.00000	-1.00000	-1.00000	-1.00000	1.00000	1.00000	1.00000	1.00000	20.3058	13.79070782	10.29500595	2.50108223	11.1244	13.367126	34.6	133.842	0.03465924	0.42975054	0.3145416	1.31490994	1.23533
1.00000	-1.00000	1.00000	1.00000	-1.00000	1.00000	-1.00000	-1.00000	1.00000	-1.00000	1.00000	-1.00000	1.00000	-1.00000	1.00000	1.00000	-1.00000	-1.00000	1.00000	1.00000	-1.00000	-1.00000	1.00000	1.00000	-1.00000	1.00000	-1.00000	1.00000	-1.00000	1.00000	-1.00000	-1.00000	1.00000	-1.00000	1.00000	1.00000	-1.00000	1.00000	-1.00000	24.8182	11.3252694	8.6707154	2.031753	7.31731	12.895754	34.6	132.192	0.0324878	0.4160883	0.2708826	1.4125316	1.22316
-1.00000	1.00000	1.00000	-1.00000	-1.00000	1.00000	1.00000	1.00000	1.00000	-1.00000	-1.00000	-1.00000	-1.00000	-1.00000	-1.00000	-1.00000	-1.00000	1.00000	1.00000	-1.00000	-1.00000	1.00000	1.00000	-1.00000	-1.00000	1.00000	1.00000	1.00000	1.00000	1.00000	1.00000	1.00000	1.00000	-1.00000	-1.00000	-1.00000	-1.00000	1.00000	1.00000	20.3058	13.25645741	10.40118306	2.24227493	10.8286	12.3421478	34.6	127.131	0.03277772	0.40892157	0.2715355	1.392826	1.2571
1.00000	1.00000	-1.00000	-1.00000	1.00000	1.00000	-1.00000	1.00000	-1.00000	-1.00000	1.00000	-1.00000	1.00000	-1.00000	1.00000	-1.00000	1.00000	1.00000	-1.00000	-1.00000	1.00000	1.00000	-1.00000	-1.00000	1.00000	1.00000	-1.00000	1.00000	-1.00000	1.00000	-1.00000	1.00000	-1.00000	-1.00000	1.00000	-1.00000	1.00000	1.00000	-1.00000	24.8182	12.4011039	8.7775026	2.34069	8.43961	14.083783	34.6	130.761	0.034211	0.4386444	0.3151708	1.3397767	1.27167
-1.00000	1.00000	1.00000	1.00000	1.00000	-1.00000	-1.00000	1.00000	1.00000	1.00000	1.00000	-1.00000	-1.00000	-1.00000	-1.00000	-1.00000	-1.00000	-1.00000	-1.00000	1.00000	1.00000	-1.00000	-1.00000	1.00000	1.00000	-1.00000	-1.00000	1.00000	1.00000	1.00000	1.00000	1.00000	1.00000	1.00000	1.00000	-1.00000	-1.00000	-1.00000	-1.00000	20.3058	13.44486914	10.36365572	2.583322	11.0384	13.70797	34.6	131.556	0.03505444	0.42050438	0.3152358	1.3673454	1.26732
1.00000	1.00000	-1.00000	1.00000	-1.00000	-1.00000	1.00000	1.00000	-1.00000	1.00000	-1.00000	-1.00000	1.00000	-1.00000	1.00000	-1.00000	1.00000	-1.00000	1.00000	1.00000	-1.00000	-1.00000	1.00000	1.00000	-1.00000	-1.00000	1.00000	1.00000	-1.00000	1.00000	-1.00000	1.00000	-1.00000	1.00000	-1.00000	-1.00000	1.00000	-1.00000	1.00000	24.8182	10.91787715	8.56165963	1.8977046	6.79619	12.834229	34.6	135.667	0.03284888	0.42478841	0.2698838	1.35866299	1.22906
-1.00000	-1.00000	-1.00000	1.00000	1.00000	1.00000	1.00000	-1.00000	-1.00000	1.00000	1.00000	1.00000	1.00000	-1.00000	-1.00000	-1.00000	-1.00000	-1.00000	-1.00000	-1.00000	-1.00000	1.00000	1.00000	-1.00000	-1.00000	1.00000	1.00000	-1.00000	-1.00000	1.00000	1.00000	1.00000	1.00000	1.00000	1.00000	1.00000	1.00000	-1.00000	-1.00000	20.3058	13.06308414	10.49697092	2.56603574	11.1541	12.658925	34.6	133.654	0.03331248	0.39094907	0.3138936	1.42257495	1.23311
1.00000	-1.00000	1.00000	1.00000	-1.00000	1.00000	-1.00000	-1.00000	1.00000	1.00000	-1.00000	1.00000	-1.00000	-1.00000	1.00000	-1.00000	1.00000	-1.00000	1.00000	-1.00000	1.00000	1.00000	-1.00000	-1.00000	1.00000	1.00000	-1.00000	-1.00000	1.00000	1.00000	-1.00000	1.00000	-1.00000	1.00000	-1.00000	1.00000	-1.00000	-1.00000	1.00000	24.8182	12.5016322	8.781855	2.0624337	8.18588	13.932346	34.6	136.068	0.034555	0.4568668	0.2730948	1.3109547	1.24848
-1.00000	-1.00000	-1.00000	-1.00000	-1.00000	1.00000	1.00000	1.00000	1.00000	-1.00000	-1.00000	1.00000	1.00000	1.00000	1.00000	-1.00000	-1.00000	-1.00000	-1.00000	-1.00000	-1.00000	-1.00000	-1.00000	1.00000	1.00000	-1.00000	-1.00000	1.00000	1.00000	-1.00000	-1.00000	1.00000	1.00000	1.00000	1.00000	1.00000	1.00000	1.00000	1.00000	20.3058	11.75579409	9.64431606	2.13665705	8.87473	10.541631	34.6	131.032	0.03185504	0.3947981	0.2683794	1.33923529	1.18687
1.00000	-1.00000	1.00000	-1.00000	1.00000	1.00000	-1.00000	1.00000	-1.00000	-1.00000	1.00000	1.00000	-1.00000	1.00000	-1.00000	-1.00000	1.00000	-1.00000	1.00000	-1.00000	1.00000	-1.00000	1.00000	1.00000	-1.00000	-1.00000	1.00000	1.00000	-1.00000	-1.00000	1.00000	1.00000	-1.00000	1.00000	-1.00000	1.00000	-1.00000	1.00000	-1.00000	24.8182	12.2660464	9.60172052	2.30354364	8.57712	15.245288	34.6	135.838	0.03516356	0.45001913	0.3162408	1.3850631	1.25966
-1.00000	1.00000	1.00000	-1.00000	-1.00000	-1.00000	-1.00000	1.00000	1.00000	1.00000	1.00000	-1.00000	-1.00000	1.00000	1.00000	1.00000	1.00000	-1.00000	-1.00000	-1.00000	-1.00000	-1.00000	-1.00000	-1.00000	-1.00000	1.00000	1.00000	-1.00000	-1.00000	1.00000	1.00000	-1.00000	-1.00000	1.00000	1.00000	1.00000	1.00000	1.00000	1.00000	20.3058	11.44461736	9.22207254	2.00923936	8.36477	11.744822	34.6	135.6	0.03248884	0.40503115	0.2685795	1.34334856	1.21085
1.00000	1.00000	-1.00000	-1.00000	1.00000	-1.00000	1.00000	1.00000	-1.00000	1.00000	-1.00000	-1.00000	1.00000	1.00000	-1.00000	1.00000	-1.00000	-1.00000	1.00000	-1.00000	1.00000	-1.00000	1.00000	-1.00000	1.00000	1.00000	-1.00000	-1.00000	1.00000	1.00000	-1.00000	-1.00000	1.00000	1.00000	-1.00000	1.00000	-1.00000	1.00000	-1.00000	24.8182	11.68703596	8.55786308	2.24552954	7.72161	15.65933	34.6	132.99	0.03493264	0.4376659	0.3144751	1.37462523	1.25579
-1.00000	1.00000	1.00000	1.00000	1.00000	-1.00000	-1.00000	-1.00000	-1.00000	1.00000	1.00000	1.00000	1.00000	-1.00000	-1.00000	1.00000	1.00000	1.00000	1.00000	-1.00000	-1.00000	-1.00000	-1.00000	-1.00000	-1.00000	-1.00000	-1.00000	1.00000	1.00000	-1.00000	-1.00000	1.00000	1.00000	-1.00000	-1.00000	1.00000	1.00000	1.00000	1.00000	20.3058	12.70596824	9.43856811	2.53038911	10.0387	13.13348	34.6	131.937	0.03365112	0.41772623	0.3128614	1.34278384	1.23786
1.00000	1.00000	-1.00000	1.00000	-1.00000	-1.00000	1.00000	-1.00000	1.00000	1.00000	-1.00000	1.00000	-1.00000	-1.00000	1.00000	1.00000	-1.00000	1.00000	-1.00000	-1.00000	1.00000	-1.00000	1.00000	-1.00000	1.00000	-1.00000	1.00000	1.00000	-1.00000	-1.00000	1.00000	1.00000	-1.00000	-1.00000	1.00000	1.00000	-1.00000	1.00000	-1.00000	24.8182	10.84018282	8.52161409	1.87047132	6.64327	13.801146	34.6	126.522	0.03323052	0.42505591	0.270201	1.37534259	1.23125
-1.00000	1.00000	1.00000	1.00000	1.00000	1.00000	1.00000	-1.00000	-1.00000	-1.00000	-1.00000	1.00000	1.00000	1.00000	1.00000	-1.00000	-1.00000	1.00000	1.00000	1.00000	1.00000	-1.00000	-1.00000	-1.00000	-1.00000	-1.00000	-1.00000	-1.00000	-1.00000	1.00000	1.00000	-1.00000	-1.00000	1.00000	1.00000	-1.00000	-1.00000	1.00000	1.00000	20.3058	14.0494736	10.14092839	2.50752709	11.1983	13.51321	34.6	127.398	0.03476904	0.4468868	0.3153689	1.331844	1.27211
1.00000	1.00000	-1.00000	1.00000	-1.00000	1.00000	-1.00000	-1.00000	1.00000	-1.00000	1.00000	1.00000	-1.00000	1.00000	-1.00000	-1.00000	1.00000	1.00000	-1.00000	1.00000	-1.00000	-1.00000	1.00000	-1.00000	1.00000	-1.00000	1.00000	-1.00000	1.00000	1.00000	-1.00000	-1.00000	1.00000	1.00000	-1.00000	-1.00000	1.00000	1.00000	-1.00000	24.8182	10.65138479	8.48728753	1.99765324	6.65092	11.770465	34.6	125.017	0.03114436	0.39755079	0.2688587	1.36704652	1.22021
-1.00000	1.00000	1.00000	1.00000	1.00000	1.00000	1.00000	1.00000	1.00000	-1.00000	-1.00000	-1.00000	-1.00000	1.00000	1.00000	1.00000	1.00000	-1.00000	-1.00000	1.00000	1.00000	1.00000	1.00000	-1.00000	-1.00000	-1.00000	-1.00000	-1.00000	-1.00000	-1.00000	-1.00000	1.00000	1.00000	-1.00000	-1.00000	1.00000	1.00000	-1.00000	-1.00000	20.3058	14.86573253	10.20432802	2.6205707	12.0834	13.2745327	34.6	135.481	0.03534152	0.440713	0.3168799	1.3618243	1.29382
1.00000	1.00000	-1.00000	1.00000	-1.00000	1.00000	-1.00000	1.00000	-1.00000	-1.00000	1.00000	-1.00000	1.00000	1.00000	-1.00000	1.00000	-1.00000	-1.00000	1.00000	1.00000	-1.00000	1.00000	-1.00000	-1.00000	1.00000	-1.00000	1.00000	-1.00000	1.00000	-1.00000	1.00000	1.00000	-1.00000	-1.00000	1.00000	1.00000	-1.00000	-1.00000	1.00000	24.8182	11.82190942	9.27276805	2.06253492	8.00524	12.863236	34.6	132.143	0.03262984	0.40841834	0.2711424	1.37575271	1.25114
-1.00000	-1.00000	-1.00000	1.00000	1.00000	1.00000	1.00000	1.00000	1.00000	1.00000	1.00000	-1.00000	-1.00000	-1.00000	-1.00000	1.00000	1.00000	1.00000	1.00000	-1.00000	-1.00000	1.00000	1.00000	1.00000	1.00000	-1.00000	-1.00000	-1.00000	-1.00000	-1.00000	-1.00000	-1.00000	-1.00000	1.00000	1.00000	-1.00000	-1.00000	1.00000	1.00000	20.3058	14.02240846	10.12105052	2.60584848	11.5555	12.8741413	34.6	131.551	0.03373772	0.42047993	0.3149705	1.3924498	1.24782
1.00000	-1.00000	1.00000	1.00000	-1.00000	1.00000	-1.00000	1.00000	-1.00000	1.00000	-1.00000	-1.00000	1.00000	-1.00000	1.00000	1.00000	-1.00000	1.00000	-1.00000	-1.00000	1.00000	1.00000	-1.00000	1.00000	-1.00000	-1.00000	1.00000	-1.00000	1.00000	-1.00000	1.00000	-1.00000	1.00000	1.00000	-1.00000	-1.00000	1.00000	1.00000	-1.00000	24.8182	12.2082275	9.3035468	2.0748939	8.3139	13.7960808	34.6	125.997	0.0333796	0.4279091	0.2723887	1.3426995	1.24242
-1.00000	1.00000	1.00000	-1.00000	-1.00000	1.00000	1.00000	1.00000	1.00000	1.00000	1.00000	1.00000	1.00000	-1.00000	-1.00000	-1.00000	-1.00000	1.00000	1.00000	1.00000	1.00000	-1.00000	-1.00000	1.00000	1.00000	1.00000	1.00000	-1.00000	-1.00000	-1.00000	-1.00000	-1.00000	-1.00000	-1.00000	-1.00000	1.00000	1.00000	-1.00000	-1.00000	20.3058	14.07103836	9.82937331	2.23726641	10.8148	12.8810972	34.6	126.662	0.03418164	0.43859691	0.2729042	1.3875119	1.27078
1.00000	1.00000	-1.00000	-1.00000	1.00000	1.00000	-1.00000	1.00000	-1.00000	1.00000	-1.00000	1.00000	-1.00000	-1.00000	1.00000	-1.00000	1.00000	1.00000	-1.00000	1.00000	-1.00000	-1.00000	1.00000	1.00000	-1.00000	1.00000	-1.00000	-1.00000	1.00000	-1.00000	1.00000	-1.00000	1.00000	-1.00000	1.00000	1.00000	-1.00000	-1.00000	1.00000	24.8182	10.827116	9.06985395	2.23865379	7.27131	13.093876	34.6	125.913	0.03181588	0.40688398	0.3121362	1.33864025	1.23398
-1.00000	-1.00000	-1.00000	1.00000	1.00000	-1.00000	-1.00000	1.00000	1.00000	1.00000	1.00000	1.00000	1.00000	1.00000	1.00000	-1.00000	-1.00000	-1.00000	-1.00000	1.00000	1.00000	1.00000	1.00000	-1.00000	-1.00000	1.00000	1.00000	1.00000	1.00000	-1.00000	-1.00000	-1.00000	-1.00000	-1.00000	-1.00000	-1.00000	-1.00000	1.00000	1.00000	20.3058	14.2876074	10.15030678	2.6690553	11.7683	14.019302	34.6	132.825	0.03548828	0.43024501	0.3166099	1.4482346	1.26362
1.00000	-1.00000	1.00000	1.00000	-1.00000	-1.00000	1.00000	1.00000	-1.00000	1.00000	-1.00000	1.00000	-1.00000	1.00000	-1.00000	-1.00000	1.00000	-1.00000	1.00000	1.00000	-1.00000	1.00000	-1.00000	-1.00000	1.00000	1.00000	-1.00000	1.00000	-1.00000	-1.00000	1.00000	-1.00000	1.00000	-1.00000	1.00000	-1.00000	1.00000	1.00000	-1.00000	24.8182	11.32173163	8.76840236	1.93493354	7.20132	13.049581	34.6	135.644	0.03307212	0.41785965	0.2707222	1.28641664	1.21779
-1.00000	1.00000	1.00000	-1.00000	-1.00000	1.00000	1.00000	-1.00000	-1.00000	1.00000	1.00000	1.00000	1.00000	1.00000	1.00000	1.00000	1.00000	-1.00000	-1.00000	-1.00000	-1.00000	1.00000	1.00000	1.00000	1.00000	-1.00000	-1.00000	1.00000	1.00000	1.00000	1.00000	-1.00000	-1.00000	-1.00000	-1.00000	-1.00000	-1.00000	-1.00000	-1.00000	20.3058	13.35332016	10.90084935	2.26369093	11.1422	12.4304425	34.6	136.534	0.03316608	0.40920051	0.2718304	1.42993698	1.2607
1.00000	1.00000	-1.00000	-1.00000	1.00000	1.00000	-1.00000	-1.00000	1.00000	1.00000	-1.00000	1.00000	-1.00000	1.00000	-1.00000	1.00000	-1.00000	-1.00000	1.00000	-1.00000	1.00000	1.00000	-1.00000	1.00000	-1.00000	-1.00000	1.00000	1.00000	-1.00000	1.00000	-1.00000	-1.00000	1.00000	-1.00000	1.00000	-1.00000	1.00000	-1.00000	1.00000	24.8182	12.6218357	9.1157046	2.3387547	8.51836	14.0974795	34.6	131.839	0.034737	0.4394621	0.3158206	1.3061958	1.27885
-1.00000	-1.00000	-1.00000	1.00000	1.00000	-1.00000	-1.00000	1.00000	1.00000	-1.00000	-1.00000	1.00000	1.00000	1.00000	1.00000	1.00000	1.00000	1.00000	1.00000	-1.00000	-1.00000	-1.00000	-1.00000	1.00000	1.00000	1.00000	1.00000	-1.00000	-1.00000	1.00000	1.00000	1.00000	1.00000	-1.00000	-1.00000	-1.00000	-1.00000	-1.00000	-1.00000	20.3058	12.98079123	10.44797939	2.56767933	10.6812	13.172705	34.6	130.905	0.03376624	0.4258874	0.3130055	1.35535987	1.21527
1.00000	-1.00000	1.00000	1.00000	-1.00000	-1.00000	1.00000	1.00000	-1.00000	-1.00000	1.00000	1.00000	-1.00000	1.00000	-1.00000	1.00000	-1.00000	1.00000	-1.00000	-1.00000	1.00000	-1.00000	1.00000	1.00000	-1.00000	1.00000	-1.00000	-1.00000	1.00000	1.00000	-1.00000	1.00000	-1.00000	-1.00000	1.00000	-1.00000	1.00000	-1.00000	1.00000	24.8182	11.3639189	9.0243	1.9365887	7.32737	13.578279	34.6	126.386	0.0334428	0.4181381	0.2710552	1.3666348	1.21983
-1.00000	-1.00000	-1.00000	-1.00000	-1.00000	1.00000	1.00000	-1.00000	-1.00000	1.00000	1.00000	-1.00000	-1.00000	1.00000	1.00000	1.00000	1.00000	1.00000	1.00000	1.00000	1.00000	-1.00000	-1.00000	-1.00000	-1.00000	1.00000	1.00000	1.00000	1.00000	-1.00000	-1.00000	1.00000	1.00000	1.00000	1.00000	-1.00000	-1.00000	-1.00000	-1.00000	20.3058	14.1624154	9.77541292	2.21117361	10.6795	12.758568	34.6	130.071	0.03437952	0.45535884	0.2719234	1.32694588	1.23034
1.00000	-1.00000	1.00000	-1.00000	1.00000	1.00000	-1.00000	-1.00000	1.00000	1.00000	-1.00000	-1.00000	1.00000	1.00000	-1.00000	1.00000	-1.00000	1.00000	-1.00000	1.00000	-1.00000	-1.00000	1.00000	-1.00000	1.00000	1.00000	-1.00000	1.00000	-1.00000	-1.00000	1.00000	1.00000	-1.00000	1.00000	-1.00000	-1.00000	1.00000	-1.00000	1.00000	24.8182	10.95175977	9.16039374	2.27104339	7.50915	13.144525	34.6	123.144	0.03168912	0.38948817	0.3126309	1.39727641	1.21871
-1.00000	-1.00000	-1.00000	-1.00000	-1.00000	-1.00000	-1.00000	1.00000	1.00000	-1.00000	-1.00000	1.00000	1.00000	-1.00000	-1.00000	1.00000	1.00000	1.00000	1.00000	1.00000	1.00000	1.00000	1.00000	-1.00000	-1.00000	-1.00000	-1.00000	1.00000	1.00000	1.00000	1.00000	-1.00000	-1.00000	1.00000	1.00000	1.00000	1.00000	-1.00000	-1.00000	20.3058	14.61798773	10.25499504	2.21428352	11.5118	14.041801	34.6	131.689	0.03537228	0.45019376	0.2742176	1.4233607	1.26162
1.00000	-1.00000	1.00000	-1.00000	1.00000	-1.00000	1.00000	1.00000	-1.00000	-1.00000	1.00000	1.00000	-1.00000	-1.00000	1.00000	1.00000	-1.00000	1.00000	-1.00000	1.00000	-1.00000	1.00000	-1.00000	-1.00000	1.00000	-1.00000	1.00000	1.00000	-1.00000	1.00000	-1.00000	-1.00000	1.00000	1.00000	-1.00000	1.00000	-1.00000	-1.00000	1.00000	24.8182	11.23153368	8.42398208	2.31254791	7.45827	13.079755	34.6	124.325	0.03217348	0.39756725	0.3127465	1.310052	1.21817
-1.00000	-1.00000	-1.00000	-1.00000	-1.00000	-1.00000	-1.00000	-1.00000	-1.00000	1.00000	1.00000	-1.00000	-1.00000	1.00000	1.00000	-1.00000	-1.00000	1.00000	1.00000	1.00000	1.00000	1.00000	1.00000	1.00000	1.00000	-1.00000	-1.00000	-1.00000	-1.00000	1.00000	1.00000	1.00000	1.00000	-1.00000	-1.00000	1.00000	1.00000	1.00000	1.00000	20.3058	14.54107023	10.75482992	2.23136864	11.6029	13.0830498	34.6	127.787	0.03510668	0.44771832	0.2738738	1.377446	1.25746
1.00000	-1.00000	1.00000	-1.00000	1.00000	-1.00000	1.00000	-1.00000	1.00000	1.00000	-1.00000	-1.00000	1.00000	1.00000	-1.00000	-1.00000	1.00000	1.00000	-1.00000	1.00000	-1.00000	1.00000	-1.00000	1.00000	-1.00000	-1.00000	1.00000	-1.00000	1.00000	1.00000	-1.00000	1.00000	-1.00000	-1.00000	1.00000	1.00000	-1.00000	1.00000	-1.00000	24.8182	11.89705832	9.42697944	2.41333329	8.5759	13.431483	34.6	127.617	0.03279436	0.40142706	0.3141981	1.36026536	1.23805
-1.00000	1.00000	1.00000	-1.00000	-1.00000	-1.00000	-1.00000	-1.00000	-1.00000	-1.00000	-1.00000	1.00000	1.00000	-1.00000	-1.00000	1.00000	1.00000	-1.00000	-1.00000	1.00000	1.00000	1.00000	1.00000	1.00000	1.00000	1.00000	1.00000	-1.00000	-1.00000	-1.00000	-1.00000	1.00000	1.00000	1.00000	1.00000	-1.00000	-1.00000	1.00000	1.00000	20.3058	14.33536592	10.14913017	2.23214805	11.2698	12.9841747	34.6	135.544	0.03505664	0.43140008	0.2736719	1.366299	1.27874
1.00000	1.00000	-1.00000	-1.00000	1.00000	-1.00000	1.00000	-1.00000	1.00000	-1.00000	1.00000	1.00000	-1.00000	-1.00000	1.00000	1.00000	-1.00000	-1.00000	1.00000	1.00000	-1.00000	1.00000	-1.00000	1.00000	-1.00000	1.00000	-1.00000	-1.00000	1.00000	-1.00000	1.00000	1.00000	-1.00000	1.00000	-1.00000	-1.00000	1.00000	1.00000	-1.00000	24.8182	12.00836602	9.47423182	2.36774763	8.53877	14.260084	34.6	133.112	0.03375604	0.41782803	0.3145444	1.37181103	1.26388
-1.00000	1.00000	1.00000	1.00000	1.00000	-1.00000	-1.00000	-1.00000	-1.00000	-1.00000	-1.00000	-1.00000	-1.00000	1.00000	1.00000	-1.00000	-1.00000	1.00000	1.00000	-1.00000	-1.00000	1.00000	1.00000	1.00000	1.00000	1.00000	1.00000	1.00000	1.00000	-1.00000	-1.00000	-1.00000	-1.00000	1.00000	1.00000	1.00000	1.00000	-1.00000	-1.00000	20.3058	13.55550881	10.29190714	2.66869743	11.4066	13.25952	34.6	128.246	0.03387516	0.4175527	0.3143325	1.33662959	1.26058
1.00000	1.00000	-1.00000	1.00000	-1.00000	-1.00000	1.00000	-1.00000	1.00000	-1.00000	1.00000	-1.00000	1.00000	1.00000	-1.00000	-1.00000	1.00000	1.00000	-1.00000	-1.00000	1.00000	1.00000	-1.00000	1.00000	-1.00000	1.00000	-1.00000	1.00000	-1.00000	-1.00000	1.00000	-1.00000	1.00000	1.00000	-1.00000	1.00000	-1.00000	-1.00000	1.00000	24.8182	12.00718145	9.21262461	1.98800627	8.02362	14.013593	34.6	129.684	0.03399048	0.43010801	0.2725767	1.3965214	1.26551
-1.00000	-1.00000	-1.00000	-1.00000	-1.00000	-1.00000	-1.00000	-1.00000	-1.00000	-1.00000	-1.00000	-1.00000	-1.00000	-1.00000	-1.00000	-1.00000	-1.00000	-1.00000	-1.00000	-1.00000	-1.00000	-1.00000	-1.00000	-1.00000	-1.00000	-1.00000	-1.00000	-1.00000	-1.00000	-1.00000	-1.00000	-1.00000	-1.00000	-1.00000	-1.00000	-1.00000	-1.00000	-1.00000	-1.00000	20.3058	9.98857659	7.75943338	1.86049866	6.14874	9.485015	34.6	131.464	0.03146744	0.38417047	0.266332	1.23846369	1.15541
