1.00000	-1.00000	1.00000	-1.00000	1.00000	-1.00000	1.00000	-1.00000	1.00000	-1.00000	1.00000	-1.00000	1.00000	-1.00000	1.00000	-1.00000	1.00000	-1.00000	1.00000	-1.00000	1.00000	-1.00000	1.00000	-1.00000	1.00000	-1.00000	1.00000	-1.00000	1.00000	-1.00000	1.00000	-1.00000	1.00000	-1.00000	1.00000	-1.00000	1.00000	-1.00000	1.00000	22.7694	2.79391818	3.6059714	1.0087953	0.0166676	0.986202	3.11897	18.8971	0.00306068	0.38372277	0.2698489	1.26754058	1.48146
-1.00000	-1.00000	-1.00000	1.00000	1.00000	1.00000	1.00000	-1.00000	-1.00000	-1.00000	-1.00000	-1.00000	-1.00000	-1.00000	-1.00000	1.00000	1.00000	-1.00000	-1.00000	1.00000	1.00000	-1.00000	-1.00000	1.00000	1.00000	1.00000	1.00000	1.00000	1.00000	1.00000	1.00000	-1.00000	-1.00000	-1.00000	-1.00000	1.00000	1.00000	1.00000	1.00000	24.005	3.3977694	4.1917928	1.2500949	0.0348361	1.204464	7.67011	31.0358	0.006113	0.3610083	0.2750647	1.1260179	1.56006
1.00000	-1.00000	1.00000	1.00000	-1.00000	1.00000	-1.00000	-1.00000	1.00000	-1.00000	1.00000	-1.00000	1.00000	-1.00000	1.00000	1.00000	-1.00000	-1.00000	1.00000	1.00000	-1.00000	-1.00000	1.00000	1.00000	-1.00000	1.00000	-1.00000	1.00000	-1.00000	1.00000	-1.00000	-1.00000	1.00000	-1.00000	1.00000	1.00000	-1.00000	1.00000	-1.00000	24.877	3.136537303	4.014615912	1.224391993	0.0215886	1.205007	4.00131	22.0684	0.003796704	0.34648788	0.2291101	1.21793794	1.49701
-1.00000	1.00000	1.00000	-1.00000	-1.00000	1.00000	1.00000	1.00000	1.00000	-1.00000	-1.00000	-1.00000	-1.00000	-1.00000	-1.00000	-1.00000	-1.00000	1.00000	1.00000	-1.00000	-1.00000	1.00000	1.00000	-1.00000	-1.00000	1.00000	1.00000	1.00000	1.00000	1.00000	1.00000	1.00000	1.00000	-1.00000	-1.00000	-1.00000	-1.00000	1.00000	1.00000	24.3582	3.45588187	4.12300621	1.23972908	0.0361534	0.984841	5.18015	34.8082	0.00613532	0.34112133	0.2331764	1.20697174	1.59188
1.00000	1.00000	-1.00000	-1.00000	1.00000	1.00000	-1.00000	1.00000	-1.00000	-1.00000	1.00000	-1.00000	1.00000	-1.00000	1.00000	-1.00000	1.00000	1.00000	-1.00000	-1.00000	1.00000	1.00000	-1.00000	-1.00000	1.00000	1.00000	-1.00000	1.00000	-1.00000	1.00000	-1.00000	1.00000	-1.00000	-1.00000	1.00000	-1.00000	1.00000	1.00000	-1.00000	25.1644	3.23573762	3.88920492	1.23478095	0.0226091	0.9856692	3.84635	24.4945	0.00400992	0.36717526	0.2720143	1.1400454	1.54729
-1.00000	1.00000	1.00000	1.00000	1.00000	-1.00000	-1.00000	1.00000	1.00000	1.00000	1.00000	-1.00000	-1.00000	-1.00000	-1.00000	-1.00000	-1.00000	-1.00000	-1.00000	1.00000	1.00000	-1.00000	-1.00000	1.00000	1.00000	-1.00000	-1.00000	1.00000	1.00000	1.00000	1.00000	1.00000	1.00000	1.00000	1.00000	-1.00000	-1.00000	-1.00000	-1.00000	23.6837	3.27553841	4.30283393	1.04451959	0.0328385	1.204587	7.24568	31.1625	0.00576948	0.35082869	0.2747283	1.17485386	1.58307
1.00000	1.00000	-1.00000	1.00000	-1.00000	-1.00000	1.00000	1.00000	-1.00000	1.00000	-1.00000	-1.00000	1.00000	-1.00000	1.00000	-1.00000	1.00000	-1.00000	1.00000	1.00000	-1.00000	-1.00000	1.00000	1.00000	-1.00000	-1.00000	1.00000	1.00000	-1.00000	1.00000	-1.00000	1.00000	-1.00000	1.00000	-1.00000	-1.00000	1.00000	-1.00000	1.00000	24.5042	3.040392852	4.136953654	1.011225078	0.0203764	1.205135	3.73185	23.3516	0.003624784	0.35568128	0.2280444	1.16509134	1.48799
-1.00000	-1.00000	-1.00000	1.00000	1.00000	1.00000	1.00000	-1.00000	-1.00000	1.00000	1.00000	1.00000	1.00000	-1.00000	-1.00000	-1.00000	-1.00000	-1.00000	-1.00000	-1.00000	-1.00000	1.00000	1.00000	-1.00000	-1.00000	1.00000	1.00000	-1.00000	-1.00000	1.00000	1.00000	1.00000	1.00000	1.00000	1.00000	1.00000	1.00000	-1.00000	-1.00000	24.3667	3.31801261	4.17938337	1.25677748	0.0357363	1.2042	5.17154	34.5483	0.00604116	0.32303056	0.2751027	1.23572857	1.56532
1.00000	-1.00000	1.00000	1.00000	-1.00000	1.00000	-1.00000	-1.00000	1.00000	1.00000	-1.00000	1.00000	-1.00000	-1.00000	1.00000	-1.00000	1.00000	-1.00000	1.00000	-1.00000	1.00000	1.00000	-1.00000	-1.00000	1.00000	1.00000	-1.00000	-1.00000	1.00000	1.00000	-1.00000	1.00000	-1.00000	1.00000	-1.00000	1.00000	-1.00000	-1.00000	1.00000	25.1583	3.15010386	3.95067399	1.22425834	0.0228429	1.205018	3.87218	25.7719	0.00410864	0.38536346	0.2302211	1.11168029	1.52837
-1.00000	-1.00000	-1.00000	-1.00000	-1.00000	1.00000	1.00000	1.00000	1.00000	-1.00000	-1.00000	1.00000	1.00000	1.00000	1.00000	-1.00000	-1.00000	-1.00000	-1.00000	-1.00000	-1.00000	-1.00000	-1.00000	1.00000	1.00000	-1.00000	-1.00000	1.00000	1.00000	-1.00000	-1.00000	1.00000	1.00000	1.00000	1.00000	1.00000	1.00000	1.00000	1.00000	23.8435	3.12108292	4.4673669	1.23755148	0.0329434	0.9849572	6.6319	36.0288	0.00587752	0.32972402	0.2314259	1.16054157	1.50921
1.00000	-1.00000	1.00000	-1.00000	1.00000	1.00000	-1.00000	1.00000	-1.00000	-1.00000	1.00000	1.00000	-1.00000	1.00000	-1.00000	-1.00000	1.00000	-1.00000	1.00000	-1.00000	1.00000	-1.00000	1.00000	1.00000	-1.00000	-1.00000	1.00000	1.00000	-1.00000	-1.00000	1.00000	1.00000	-1.00000	1.00000	-1.00000	1.00000	-1.00000	1.00000	-1.00000	24.5404	2.902009765	4.319934621	1.229225466	0.0214174	0.9858741	4.37166	22.4714	0.003876032	0.37719618	0.2719673	1.18113022	1.5259
-1.00000	1.00000	1.00000	-1.00000	-1.00000	-1.00000	-1.00000	1.00000	1.00000	1.00000	1.00000	-1.00000	-1.00000	1.00000	1.00000	1.00000	1.00000	-1.00000	-1.00000	-1.00000	-1.00000	-1.00000	-1.00000	-1.00000	-1.00000	1.00000	1.00000	-1.00000	-1.00000	1.00000	1.00000	-1.00000	-1.00000	1.00000	1.00000	1.00000	1.00000	1.00000	1.00000	22.4961	3.0401906	4.0214724	1.0187189	0.026163	0.9855487	4.84124	26.6837	0.0046384	0.3384875	0.2294929	1.158672	1.49953
1.00000	1.00000	-1.00000	-1.00000	1.00000	-1.00000	1.00000	1.00000	-1.00000	1.00000	-1.00000	-1.00000	1.00000	1.00000	-1.00000	1.00000	-1.00000	-1.00000	1.00000	-1.00000	1.00000	-1.00000	1.00000	-1.00000	1.00000	1.00000	-1.00000	-1.00000	1.00000	1.00000	-1.00000	-1.00000	1.00000	1.00000	-1.00000	1.00000	-1.00000	1.00000	-1.00000	23.1416	2.90057142	3.876628551	1.012409434	0.017489	0.9860963	3.5887	16.9429	0.003164724	0.36537694	0.2695156	1.1704925	1.48455
-1.00000	1.00000	1.00000	1.00000	1.00000	-1.00000	-1.00000	-1.00000	-1.00000	1.00000	1.00000	1.00000	1.00000	-1.00000	-1.00000	1.00000	1.00000	1.00000	1.00000	-1.00000	-1.00000	-1.00000	-1.00000	-1.00000	-1.00000	-1.00000	-1.00000	1.00000	1.00000	-1.00000	-1.00000	1.00000	1.00000	-1.00000	-1.00000	1.00000	1.00000	1.00000	1.00000	22.9572	3.20385369	3.98130171	1.0373875	0.0281061	1.20479	5.22193	26.6985	0.00490556	0.34952953	0.2728816	1.15405389	1.53749
1.00000	1.00000	-1.00000	1.00000	-1.00000	-1.00000	1.00000	-1.00000	1.00000	1.00000	-1.00000	1.00000	-1.00000	-1.00000	1.00000	1.00000	-1.00000	1.00000	-1.00000	-1.00000	1.00000	-1.00000	1.00000	-1.00000	1.00000	-1.00000	1.00000	1.00000	-1.00000	-1.00000	1.00000	1.00000	-1.00000	-1.00000	1.00000	1.00000	-1.00000	1.00000	-1.00000	23.6372	3.023004504	3.884044329	1.006526696	0.018721	1.205333	4.02958	18.899	0.003351656	0.35517516	0.2273483	1.1785775	1.472
-1.00000	1.00000	1.00000	1.00000	1.00000	1.00000	1.00000	-1.00000	-1.00000	-1.00000	-1.00000	1.00000	1.00000	1.00000	1.00000	-1.00000	-1.00000	1.00000	1.00000	1.00000	1.00000	-1.00000	-1.00000	-1.00000	-1.00000	-1.00000	-1.00000	-1.00000	-1.00000	1.00000	1.00000	-1.00000	-1.00000	1.00000	1.00000	-1.00000	-1.00000	1.00000	1.00000	23.9825	3.4462171	4.10837463	1.24942572	0.0351037	1.204487	7.64837	35.3046	0.00635756	0.37746651	0.2756451	1.14137703	1.60204
1.00000	1.00000	-1.00000	1.00000	-1.00000	1.00000	-1.00000	-1.00000	1.00000	-1.00000	1.00000	1.00000	-1.00000	1.00000	-1.00000	-1.00000	1.00000	1.00000	-1.00000	1.00000	-1.00000	-1.00000	1.00000	-1.00000	1.00000	-1.00000	1.00000	-1.00000	1.00000	1.00000	-1.00000	-1.00000	1.00000	1.00000	-1.00000	-1.00000	1.00000	1.00000	-1.00000	25.0842	3.165836048	4.042928214	1.225827554	0.0218635	1.204922	4.31395	23.1727	0.003830288	0.32986873	0.2283953	1.17807768	1.49246
-1.00000	1.00000	1.00000	1.00000	1.00000	1.00000	1.00000	1.00000	1.00000	-1.00000	-1.00000	-1.00000	-1.00000	1.00000	1.00000	1.00000	1.00000	-1.00000	-1.00000	1.00000	1.00000	1.00000	1.00000	-1.00000	-1.00000	-1.00000	-1.00000	-1.00000	-1.00000	-1.00000	-1.00000	1.00000	1.00000	-1.00000	-1.00000	1.00000	1.00000	-1.00000	-1.00000	24.8784	3.7161591	4.182112	1.2611666	0.0399483	1.203986	7.22957	36.4771	0.0068332	0.3706755	0.2773353	1.1703278	1.64586
1.00000	1.00000	-1.00000	1.00000	-1.00000	1.00000	-1.00000	1.00000	-1.00000	-1.00000	1.00000	-1.00000	1.00000	1.00000	-1.00000	1.00000	-1.00000	-1.00000	1.00000	1.00000	-1.00000	1.00000	-1.00000	-1.00000	1.00000	-1.00000	1.00000	-1.00000	1.00000	-1.00000	1.00000	1.00000	-1.00000	-1.00000	1.00000	1.00000	-1.00000	-1.00000	1.00000	25.777	3.3620038	4.03944666	1.22728772	0.0241254	1.204848	3.35506	21.9867	0.00391804	0.33888144	0.2296566	1.18183716	1.53428
-1.00000	-1.00000	-1.00000	1.00000	1.00000	1.00000	1.00000	1.00000	1.00000	1.00000	1.00000	-1.00000	-1.00000	-1.00000	-1.00000	1.00000	1.00000	1.00000	1.00000	-1.00000	-1.00000	1.00000	1.00000	1.00000	1.00000	-1.00000	-1.00000	-1.00000	-1.00000	-1.00000	-1.00000	-1.00000	-1.00000	1.00000	1.00000	-1.00000	-1.00000	1.00000	1.00000	24.534	3.57325403	4.1557762	1.25919391	0.0370639	1.20408	5.38605	34.1662	0.00635596	0.35175753	0.2760698	1.20433362	1.58974
1.00000	-1.00000	1.00000	1.00000	-1.00000	1.00000	-1.00000	1.00000	-1.00000	1.00000	-1.00000	-1.00000	1.00000	-1.00000	1.00000	1.00000	-1.00000	1.00000	-1.00000	-1.00000	1.00000	1.00000	-1.00000	1.00000	-1.00000	-1.00000	1.00000	-1.00000	1.00000	-1.00000	1.00000	-1.00000	1.00000	1.00000	-1.00000	-1.00000	1.00000	1.00000	-1.00000	25.3396	3.30529897	4.00498788	1.22474084	0.0234143	1.204988	3.95165	22.6097	0.00404784	0.35720496	0.2300725	1.14540143	1.52365
-1.00000	1.00000	1.00000	-1.00000	-1.00000	1.00000	1.00000	1.00000	1.00000	1.00000	1.00000	1.00000	1.00000	-1.00000	-1.00000	-1.00000	-1.00000	1.00000	1.00000	1.00000	1.00000	-1.00000	-1.00000	1.00000	1.00000	1.00000	1.00000	-1.00000	-1.00000	-1.00000	-1.00000	-1.00000	-1.00000	-1.00000	-1.00000	1.00000	1.00000	-1.00000	-1.00000	23.9501	3.4692301	4.188723	1.2368176	0.0345803	0.9850096	7.92055	34.1495	0.0062796	0.3695245	0.2336809	1.1981211	1.60523
1.00000	1.00000	-1.00000	-1.00000	1.00000	1.00000	-1.00000	1.00000	-1.00000	1.00000	-1.00000	1.00000	-1.00000	-1.00000	1.00000	-1.00000	1.00000	1.00000	-1.00000	1.00000	-1.00000	-1.00000	1.00000	1.00000	-1.00000	1.00000	-1.00000	-1.00000	1.00000	-1.00000	1.00000	-1.00000	1.00000	-1.00000	1.00000	1.00000	-1.00000	-1.00000	1.00000	24.7501	3.12333585	4.07601247	1.23227543	0.0211644	0.9857867	3.78443	22.9415	0.00370376	0.33781012	0.2702818	1.14519993	1.49484
-1.00000	-1.00000	-1.00000	1.00000	1.00000	-1.00000	-1.00000	1.00000	1.00000	1.00000	1.00000	1.00000	1.00000	1.00000	1.00000	-1.00000	-1.00000	-1.00000	-1.00000	1.00000	1.00000	1.00000	1.00000	-1.00000	-1.00000	1.00000	1.00000	1.00000	1.00000	-1.00000	-1.00000	-1.00000	-1.00000	-1.00000	-1.00000	-1.00000	-1.00000	1.00000	1.00000	24.034	3.49134035	4.13355832	1.04827887	0.034062	1.204459	5.87099	33.8829	0.00596316	0.35955853	0.2756657	1.25297364	1.58909
1.00000	-1.00000	1.00000	1.00000	-1.00000	-1.00000	1.00000	1.00000	-1.00000	1.00000	-1.00000	1.00000	-1.00000	1.00000	-1.00000	-1.00000	1.00000	-1.00000	1.00000	1.00000	-1.00000	1.00000	-1.00000	-1.00000	1.00000	1.00000	-1.00000	1.00000	-1.00000	-1.00000	1.00000	-1.00000	1.00000	-1.00000	1.00000	-1.00000	1.00000	1.00000	-1.00000	24.8357	3.238888935	4.008662641	1.013080927	0.0214828	1.205067	2.93511	21.7627	0.003677596	0.34808136	0.2285483	1.09130606	1.48145
-1.00000	1.00000	1.00000	-1.00000	-1.00000	1.00000	1.00000	-1.00000	-1.00000	1.00000	1.00000	1.00000	1.00000	1.00000	1.00000	1.00000	1.00000	-1.00000	-1.00000	-1.00000	-1.00000	1.00000	1.00000	1.00000	1.00000	-1.00000	-1.00000	1.00000	1.00000	1.00000	1.00000	-1.00000	-1.00000	-1.00000	-1.00000	-1.00000	-1.00000	-1.00000	-1.00000	24.5425	3.43262359	4.50435318	1.24191707	0.0371692	0.9847522	5.33572	35.5906	0.00629416	0.34135049	0.2335171	1.24385271	1.60035
1.00000	1.00000	-1.00000	-1.00000	1.00000	1.00000	-1.00000	-1.00000	1.00000	1.00000	-1.00000	1.00000	-1.00000	1.00000	-1.00000	1.00000	-1.00000	-1.00000	1.00000	-1.00000	1.00000	1.00000	-1.00000	1.00000	-1.00000	-1.00000	1.00000	1.00000	-1.00000	1.00000	-1.00000	-1.00000	1.00000	-1.00000	1.00000	-1.00000	1.00000	-1.00000	1.00000	25.3387	3.22957999	4.25947892	1.23550496	0.0235116	0.985633	3.88866	22.0509	0.00411976	0.36759195	0.2725741	1.10576835	1.56076
-1.00000	-1.00000	-1.00000	1.00000	1.00000	-1.00000	-1.00000	1.00000	1.00000	-1.00000	-1.00000	1.00000	1.00000	1.00000	1.00000	1.00000	1.00000	1.00000	1.00000	-1.00000	-1.00000	-1.00000	-1.00000	1.00000	1.00000	1.00000	1.00000	-1.00000	-1.00000	1.00000	1.00000	1.00000	1.00000	-1.00000	-1.00000	-1.00000	-1.00000	-1.00000	-1.00000	23.6546	3.27229639	4.50509351	1.04331964	0.0322346	1.204607	5.91952	31.2079	0.00560248	0.3581754	0.2739019	1.16885189	1.52997
1.00000	-1.00000	1.00000	1.00000	-1.00000	-1.00000	1.00000	1.00000	-1.00000	-1.00000	1.00000	1.00000	-1.00000	1.00000	-1.00000	1.00000	-1.00000	1.00000	-1.00000	-1.00000	1.00000	-1.00000	1.00000	1.00000	-1.00000	1.00000	-1.00000	-1.00000	1.00000	1.00000	-1.00000	1.00000	-1.00000	-1.00000	1.00000	-1.00000	1.00000	-1.00000	1.00000	24.4319	3.076726672	4.350346039	1.010930676	0.0207237	1.205136	4.66544	19.9167	0.003709304	0.34813375	0.228655	1.17038832	1.48168
-1.00000	-1.00000	-1.00000	-1.00000	-1.00000	1.00000	1.00000	-1.00000	-1.00000	1.00000	1.00000	-1.00000	-1.00000	1.00000	1.00000	1.00000	1.00000	1.00000	1.00000	1.00000	1.00000	-1.00000	-1.00000	-1.00000	-1.00000	1.00000	1.00000	1.00000	1.00000	-1.00000	-1.00000	1.00000	1.00000	1.00000	1.00000	-1.00000	-1.00000	-1.00000	-1.00000	24.024	3.55737579	4.17401691	1.23639953	0.0348915	0.9850528	7.96408	33.3918	0.00619472	0.38709439	0.2331431	1.13999282	1.56047
1.00000	-1.00000	1.00000	-1.00000	1.00000	1.00000	-1.00000	-1.00000	1.00000	1.00000	-1.00000	-1.00000	1.00000	1.00000	-1.00000	1.00000	-1.00000	1.00000	-1.00000	1.00000	-1.00000	-1.00000	1.00000	-1.00000	1.00000	1.00000	-1.00000	1.00000	-1.00000	-1.00000	1.00000	1.00000	-1.00000	1.00000	-1.00000	-1.00000	1.00000	-1.00000	1.00000	24.8568	3.20758386	4.0674616	1.23399464	0.0214002	0.9857089	4.00308	19.6322	0.00361656	0.32010649	0.2706456	1.20281327	1.48487
-1.00000	-1.00000	-1.00000	-1.00000	-1.00000	-1.00000	-1.00000	1.00000	1.00000	-1.00000	-1.00000	1.00000	1.00000	-1.00000	-1.00000	1.00000	1.00000	1.00000	1.00000	1.00000	1.00000	1.00000	1.00000	-1.00000	-1.00000	-1.00000	-1.00000	1.00000	1.00000	1.00000	1.00000	-1.00000	-1.00000	1.00000	1.00000	1.00000	1.00000	-1.00000	-1.00000	23.9291	3.68676844	3.98319987	1.02695656	0.0341433	0.9851902	5.63827	29.0201	0.00580532	0.37952301	0.2335302	1.22870104	1.58686
1.00000	-1.00000	1.00000	-1.00000	1.00000	-1.00000	1.00000	1.00000	-1.00000	-1.00000	1.00000	1.00000	-1.00000	-1.00000	1.00000	1.00000	-1.00000	1.00000	-1.00000	1.00000	-1.00000	1.00000	-1.00000	-1.00000	1.00000	-1.00000	1.00000	1.00000	-1.00000	1.00000	-1.00000	-1.00000	1.00000	1.00000	-1.00000	1.00000	-1.00000	-1.00000	1.00000	24.7985	3.399369937	3.801762514	1.026520138	0.0206918	0.9856966	2.99523	20.3156	0.003501156	0.32786324	0.2702977	1.11450296	1.47725
-1.00000	-1.00000	-1.00000	-1.00000	-1.00000	-1.00000	-1.00000	-1.00000	-1.00000	1.00000	1.00000	-1.00000	-1.00000	1.00000	1.00000	-1.00000	-1.00000	1.00000	1.00000	1.00000	1.00000	1.00000	1.00000	1.00000	1.00000	-1.00000	-1.00000	-1.00000	-1.00000	1.00000	1.00000	1.00000	1.00000	-1.00000	-1.00000	1.00000	1.00000	1.00000	1.00000	24.7559	3.73816191	4.53036247	1.03635348	0.0399427	0.984771	6.86142	37.4394	0.00683864	0.37826248	0.2347574	1.18752174	1.60415
1.00000	-1.00000	1.00000	-1.00000	1.00000	-1.00000	1.00000	-1.00000	1.00000	1.00000	-1.00000	-1.00000	1.00000	1.00000	-1.00000	-1.00000	1.00000	1.00000	-1.00000	1.00000	-1.00000	1.00000	-1.00000	1.00000	-1.00000	-1.00000	1.00000	-1.00000	1.00000	1.00000	-1.00000	1.00000	-1.00000	-1.00000	1.00000	1.00000	-1.00000	1.00000	-1.00000	25.7108	3.373896364	4.325906625	1.033034895	0.0233544	0.9855114	3.41654	23.3593	0.003887484	0.33095491	0.2717526	1.16326412	1.51647
-1.00000	1.00000	1.00000	-1.00000	-1.00000	-1.00000	-1.00000	-1.00000	-1.00000	-1.00000	-1.00000	1.00000	1.00000	-1.00000	-1.00000	1.00000	1.00000	-1.00000	-1.00000	1.00000	1.00000	1.00000	1.00000	1.00000	1.00000	1.00000	1.00000	-1.00000	-1.00000	-1.00000	-1.00000	1.00000	1.00000	1.00000	1.00000	-1.00000	-1.00000	1.00000	1.00000	24.3611	3.64446795	4.31608996	1.03427895	0.0362526	0.9848654	6.56392	31.7397	0.00614688	0.36177846	0.2340076	1.17514992	1.61596
1.00000	1.00000	-1.00000	-1.00000	1.00000	-1.00000	1.00000	-1.00000	1.00000	-1.00000	1.00000	1.00000	-1.00000	-1.00000	1.00000	1.00000	-1.00000	-1.00000	1.00000	1.00000	-1.00000	1.00000	-1.00000	1.00000	-1.00000	1.00000	-1.00000	-1.00000	1.00000	-1.00000	1.00000	1.00000	-1.00000	1.00000	-1.00000	-1.00000	1.00000	1.00000	-1.00000	25.1825	3.320940837	4.174440683	1.026380374	0.0222606	0.9857078	3.01021	21.2604	0.003672764	0.34666966	0.2713163	1.17235913	1.53139
-1.00000	1.00000	1.00000	1.00000	1.00000	-1.00000	-1.00000	-1.00000	-1.00000	-1.00000	-1.00000	-1.00000	-1.00000	1.00000	1.00000	-1.00000	-1.00000	1.00000	1.00000	-1.00000	-1.00000	1.00000	1.00000	1.00000	1.00000	1.00000	1.00000	1.00000	1.00000	-1.00000	-1.00000	-1.00000	-1.00000	1.00000	1.00000	1.00000	1.00000	-1.00000	-1.00000	24.1398	3.42306183	4.30330122	1.05159095	0.0343854	1.20435	4.83842	35.6455	0.00601228	0.34898761	0.2749921	1.14815752	1.58741
1.00000	1.00000	-1.00000	1.00000	-1.00000	-1.00000	1.00000	-1.00000	1.00000	-1.00000	1.00000	-1.00000	1.00000	1.00000	-1.00000	-1.00000	1.00000	1.00000	-1.00000	-1.00000	1.00000	1.00000	-1.00000	1.00000	-1.00000	1.00000	-1.00000	1.00000	-1.00000	-1.00000	1.00000	-1.00000	1.00000	1.00000	-1.00000	1.00000	-1.00000	-1.00000	1.00000	24.9079	3.209949803	4.164048746	1.012313622	0.0222476	1.205073	3.6666	22.083	0.003903052	0.35888427	0.2296029	1.19714734	1.53627
-1.00000	-1.00000	-1.00000	-1.00000	-1.00000	-1.00000	-1.00000	-1.00000	-1.00000	-1.00000	-1.00000	-1.00000	-1.00000	-1.00000	-1.00000	-1.00000	-1.00000	-1.00000	-1.00000	-1.00000	-1.00000	-1.00000	-1.00000	-1.00000	-1.00000	-1.00000	-1.00000	-1.00000	-1.00000	-1.00000	-1.00000	-1.00000	-1.00000	-1.00000	-1.00000	-1.00000	-1.00000	-1.00000	-1.00000	22.1646	2.9470217	3.7043252	1.0182707	0.0244509	0.9855595	4.79935	26.482	0.0044538	0.3195233	0.2282761	1.0590939	1.43574